1 0.20922309027777777 0.1044921875 0.09843750000000001 0.10546875
1 0.31063368055555557 0.0859375 0.09292534722222223 0.11328125
1 0.49333767361111114 0.171875 0.11844618055555545 0.16015625
1 0.4652560763888889 0.232421875 0.13715277777777768 0.185546875
0 0.8575954861111111 0.2158203125 0.13901909722222228 0.18359375
0 0.7217013888888889 0.109375 0.12243923611111107 0.162109375
0 0.7351996527777778 0.376953125 0.15542534722222223 0.201171875
0 0.5721788194444444 0.08984375 0.13298611111111125 0.1796875
0 0.1641818576388889 0.7392578125 0.3283637152777778 0.478515625
0 0.17298177083333333 0.216796875 0.13893229166666665 0.181640625
0 0.2568142361111111 0.1982421875 0.15008680555555554 0.212890625
0 0.4438585069444444 0.40625 0.16241319444444446 0.2265625