0 0.053450520833333334 0.02922453703703704 0.07369791666666667 0.055989583333333336
1 0.321484375 0.07045717592592593 0.08020833333333333 0.09534143518518517
1 0.42350260416666663 0.08481626157407408 0.07304687499999996 0.10452835648148148
1 0.5921875000000001 0.224609375 0.08776041666666679 0.1503182870370371
1 0.556640625 0.2744502314814815 0.1010416666666667 0.17462384259259256
0 0.945703125 0.38198061342592593 0.1049479166666667 0.17491319444444442
0 0.826171875 0.23611111111111113 0.09192708333333344 0.1545138888888889
0 0.8038411458333333 0.49877025462962965 0.11757812500000009 0.189453125
0 0.680859375 0.16995804398148148 0.09882812499999982 0.17057291666666669
0 0.17154947916666666 0.6637731481481481 0.27877604166666664 0.4501591435185186
0 0.2706380208333333 0.1677517361111111 0.10468750000000004 0.17100694444444442
0 0.35572916666666665 0.1759982638888889 0.10872395833333326 0.20240162037037035
0 0.5119791666666667 0.43536603009259256 0.11927083333333344 0.21484375