0 0.0517578125 0.025390625 0.0712890625 0.0498046875
1 0.318359375 0.046875 0.0732421875 0.08984375
1 0.419921875 0.0537109375 0.0654296875 0.099609375
1 0.580078125 0.181640625 0.078125 0.1455078125
1 0.541015625 0.234375 0.0908203125 0.1689453125
0 0.9248046875 0.3134765625 0.0927734375 0.1669921875
0 0.814453125 0.17578125 0.08203125 0.1474609375
0 0.7744140625 0.44140625 0.1064453125 0.181640625
0 0.6728515625 0.1201171875 0.087890625 0.1640625
0 0.1279296875 0.654296875 0.25 0.431640625
0 0.2607421875 0.1484375 0.09375 0.1630859375
0 0.345703125 0.150390625 0.095703125 0.1953125
0 0.4853515625 0.3994140625 0.1044921875 0.20703125