0 0.015755208333333333 0.083984375 0.031510416666666666 0.05859375
1 0.25983072916666666 0.072265625 0.09049479166666663 0.09765625
1 0.3617838541666667 0.06640625 0.08333333333333326 0.107421875
1 0.5294270833333333 0.173828125 0.1059895833333333 0.154296875
1 0.49335937500000004 0.2314453125 0.12330729166666665 0.1796875
0 0.8809244791666666 0.2626953125 0.12513020833333321 0.177734375
0 0.7631510416666667 0.1396484375 0.11002604166666652 0.15625
0 0.7384114583333333 0.408203125 0.13984375000000004 0.193359375
0 0.6182291666666666 0.1015625 0.11901041666666679 0.173828125
0 0.1337890625 0.6982421875 0.267578125 0.458984375
0 0.20768229166666669 0.1806640625 0.12486979166666667 0.173828125
0 0.29322916666666665 0.171875 0.1328125 0.205078125
0 0.4468098958333333 0.40234375 0.1434895833333334 0.21875