0 0.06829427083333334 0.01857638888888889 0.07408854166666667 0.03622685185185185
1 0.33523582175925926 0.04790219907407407 0.08062789351851851 0.08706597222222223
1 0.43817997685185184 0.057233796296296297 0.07362557870370368 0.10257523148148148
1 0.600390625 0.19332320601851855 0.09168113425925917 0.14968171296296295
1 0.5620587384259259 0.24447337962962962 0.10461516203703702 0.1732928240740741
0 0.9472222222222222 0.3419126157407407 0.10555555555555562 0.1713686342592593
0 0.8348668981481482 0.19874855324074073 0.0956886574074074 0.15169270833333331
0 0.7997612847222222 0.46267361111111116 0.12290219907407396 0.18722511574074074
0 0.6920789930555555 0.1361328125 0.10245949074074079 0.16935763888888888
0 0.16119791666666666 0.6434968171296296 0.27864583333333337 0.44324363425925917
0 0.2807291666666667 0.14467592592592593 0.10821759259259256 0.16749131944444445
0 0.36594328703703705 0.1508174189814815 0.11189236111111112 0.2007233796296296
0 0.5099681712962962 0.4066623263888889 0.12226562499999982 0.21258680555555554