1 0.115234375 0.3251953125 0.0927734375 0.189453125
0 0.8251953125 0.0361328125 0.0556640625 0.0615234375
0 0.9306640625 0.5048828125 0.1005859375 0.2373046875
0 0.8955078125 0.15234375 0.0869140625 0.2177734375
0 0.751953125 0.091796875 0.0849609375 0.1640625
0 0.642578125 0.3359375 0.095703125 0.205078125
0 0.65625 0.087890625 0.0830078125 0.166015625
0 0.4931640625 0.0869140625 0.08984375 0.1552734375
0 0.2587890625 0.0830078125 0.08203125 0.15234375
0 0.4921875 0.267578125 0.0849609375 0.19140625
0 0.51953125 0.642578125 0.095703125 0.2177734375
0 0.576171875 0.74609375 0.11328125 0.224609375
0 0.380859375 0.8818359375 0.109375 0.19921875
0 0.05078125 0.81640625 0.095703125 0.2421875
0 0.1650390625 0.6279296875 0.07421875 0.1875
0 0.1259765625 0.70703125 0.09375 0.208984375
0 0.0693359375 0.18359375 0.08984375 0.1728515625
0 0.2861328125 0.3505859375 0.1044921875 0.1982421875