1 0.1336226851851852 0.29518229166666665 0.11278935185185185 0.20468750000000002
0 0.8715350115740741 0.13040364583333333 0.0629918981481481 0.07057291666666665
0 0.9236617476851852 0.6116536458333334 0.12682291666666679 0.2544270833333333
0 0.9282407407407407 0.2572916666666667 0.11105324074074074 0.2338541666666667
0 0.7920789930555556 0.17298177083333333 0.10283564814814827 0.1786458333333334
0 0.6565755208333333 0.3955078125 0.11877893518518512 0.22265625
0 0.6974537037037036 0.15299479166666666 0.10089699074074066 0.18046875
0 0.5354745370370371 0.124609375 0.10668402777777786 0.17109375
0 0.3022135416666667 0.09049479166666667 0.09869791666666661 0.14713541666666666
0 0.5146195023148148 0.30201822916666665 0.10694444444444451 0.20625000000000004
0 0.5001157407407407 0.6772135416666667 0.11886574074074074 0.234375
0 0.5442274305555556 0.7895833333333333 0.13845486111111116 0.24348958333333348
0 0.3353732638888889 0.8899739583333333 0.13045428240740742 0.21757812500000018
0 0.03765914351851852 0.7702473958333333 0.07531828703703704 0.2553385416666667
0 0.14893663194444445 0.6020182291666667 0.0951822916666667 0.1996093750000001
0 0.10150462962962964 0.6740885416666667 0.11684027777777778 0.22447916666666679
0 0.10345052083333334 0.14759114583333333 0.10876736111111113 0.18880208333333337
0 0.30029658564814815 0.3492838541666667 0.12654803240740742 0.2173177083333333