1 0.10075954861111111 0.4000506365740741 0.13297164351851853 0.2050057870370371
0 0.7307291666666667 0.0036241319444444446 0.0669270833333333 0.007248263888888889
0 0.9301793981481481 0.4091652199074074 0.1396412037037038 0.25409432870370363
0 0.8242115162037037 0.09301938657407408 0.1327980324074074 0.18603877314814815
0 0.6709997106481482 0.06480758101851852 0.11934317129629646 0.12961516203703705
0 0.6176287615740741 0.3025101273148148 0.13929398148148153 0.2207175925925926
0 0.5765046296296297 0.07331452546296297 0.11785300925925934 0.14662905092592593
0 0.41689814814814813 0.08956886574074074 0.12222222222222223 0.1716579861111111
0 0.18764467592592593 0.1339988425925926 0.11429398148148151 0.16763599537037038
0 0.45634403935185186 0.26679687500000004 0.12515914351851842 0.20489004629629637
0 0.5647641782407408 0.6286313657407407 0.141652199074074 0.2344184027777778
0 0.6435980902777778 0.7173466435185185 0.16147280092592586 0.24447337962962967
0 0.48158275462962963 0.8877893518518518 0.1507812500000001 0.21307870370370363
0 0.1453269675925926 0.8820240162037036 0.14751157407407406 0.23450520833333321
0 0.21574074074074073 0.6865596064814815 0.1152199074074074 0.19888599537037033
0 0.19482060185185185 0.7718677662037037 0.13940972222222225 0.2246238425925926
0 0.04612991898148148 0.2709201388888889 0.08172743055555555 0.18862847222222223
0 0.2734085648148148 0.3906539351851852 0.1469907407407407 0.21692708333333333