1 0.14378616898148147 0.28343460648148144 0.1181857638888889 0.2026331018518519
0 0.880078125 0.10514322916666667 0.0635127314814814 0.07021122685185185
0 0.9343641493055556 0.5850766782407407 0.13127170138888888 0.2518663194444444
0 0.9375795717592592 0.23081597222222222 0.11663773148148149 0.2299189814814815
0 0.8016710069444444 0.14967447916666665 0.10609085648148131 0.17689525462962963
0 0.6663845486111111 0.37408130787037036 0.12232349537037024 0.21837384259259263
0 0.7067129629629629 0.1312427662037037 0.10611979166666652 0.17884837962962963
0 0.545261863425926 0.10498408564814815 0.1098813657407407 0.16919849537037035
0 0.3125361689814815 0.07758969907407408 0.10163483796296302 0.13967013888888888
0 0.524486400462963 0.2839771412037037 0.11040219907407423 0.20435474537037035
0 0.5114872685185186 0.6584273726851853 0.1244791666666667 0.23210358796296315
0 0.5570674189814815 0.7700810185185185 0.1441261574074073 0.24049479166666665
0 0.3477647569444444 0.8741825810185185 0.13593750000000004 0.2148726851851852
0 0.05030381944444444 0.7599464699074074 0.08185763888888889 0.2542679398148149
0 0.16102430555555555 0.5904513888888889 0.09859664351851855 0.19814814814814818
0 0.11329571759259259 0.6632233796296296 0.12238136574074074 0.22228009259259252
0 0.1133101851851852 0.13708767361111113 0.11206597222222223 0.18488136574074077
0 0.31048177083333334 0.33425202546296295 0.13004918981481484 0.21274594907407407