1 0.1550564236111111 0.2504557291666667 0.1404079861111111 0.2109809027777778
0 0.9164134837962963 0.16202256944444443 0.07103587962962976 0.07530381944444442
0 0.8966652199074074 0.642404513888889 0.16174768518518512 0.2606770833333334
0 0.9390190972222222 0.29116753472222223 0.11212384259259256 0.23702256944444444
0 0.8310185185185185 0.19637586805555557 0.12579571759259256 0.18498263888888888
0 0.6620008680555556 0.40210503472222225 0.14684606481481488 0.22686631944444446
0 0.740162037037037 0.16690538194444443 0.12579571759259256 0.18498263888888888
0 0.5823929398148149 0.12174479166666667 0.12941261574074092 0.17734375
0 0.35517939814814814 0.07643229166666667 0.11776620370370372 0.1261284722222222
0 0.5348668981481481 0.295703125 0.13259548611111116 0.21063368055555554
0 0.4634693287037037 0.665212673611111 0.15125868055555558 0.2407118055555557
0 0.49052372685185186 0.7798828124999999 0.16919849537037024 0.25125868055555545
0 0.26652922453703703 0.8589409722222222 0.16044560185185186 0.2255208333333334
0 0.021520543981481483 0.7084635416666667 0.043041087962962965 0.2606770833333334
0 0.12420428240740741 0.5552517361111111 0.12261284722222221 0.20434027777777786
0 0.06975188078703703 0.6211371527777778 0.13950376157407407 0.23077256944444446
0 0.14785879629629628 0.10145399305555555 0.13396990740740744 0.1950954861111111
0 0.3138382523148148 0.32109375 0.15451388888888884 0.22330729166666663