1 0.16001157407407407 0.35496238425925924 0.1142505787037037 0.21469907407407407
1 0.4368778935185185 0.42252604166666663 0.210474537037037 0.34440104166666674
1 0.43035300925925923 0.09461805555555557 0.07042824074074083 0.12000868055555555
1 0.27314091435185184 0.10159866898148148 0.0761863425925926 0.11848958333333331
1 0.5782552083333333 0.21046730324074076 0.09414062500000009 0.1645688657407407
1 0.33859230324074074 0.20055700231481483 0.11323784722222219 0.19516782407407407
1 0.0806423611111111 0.20301649305555555 0.12936921296296297 0.20609085648148145
1 0.12136140046296297 0.8167679398148149 0.12741608796296297 0.20594618055555536
0 0.2895905671296296 0.5027850115740741 0.16588541666666667 0.3099681712962963
0 0.4834201388888889 0.12991898148148148 0.0961950231481481 0.16666666666666669
0 0.6271122685185185 0.2513382523148148 0.11549479166666665 0.201171875
0 0.8117042824074074 0.2267795138888889 0.1977430555555557 0.32400173611111105
0 0.6992766203703704 0.6556712962962963 0.2191695601851853 0.3995225694444444