1 0.19921875 0.3037109375 0.080078125 0.1982421875
1 0.470703125 0.3837890625 0.15625 0.3134765625
1 0.4873046875 0.0576171875 0.0517578125 0.109375
1 0.330078125 0.056640625 0.0576171875 0.107421875
1 0.626953125 0.1796875 0.068359375 0.1513671875
1 0.388671875 0.158203125 0.0830078125 0.177734375
1 0.130859375 0.1484375 0.0966796875 0.1865234375
1 0.12890625 0.76171875 0.095703125 0.1875
0 0.318359375 0.45703125 0.1162109375 0.2861328125
0 0.5380859375 0.095703125 0.0703125 0.15234375
0 0.6728515625 0.22265625 0.083984375 0.18359375
0 0.8583984375 0.20703125 0.146484375 0.294921875
0 0.716796875 0.62890625 0.1552734375 0.3681640625