1 0.2136501736111111 0.26864149305555557 0.10069444444444442 0.2094184027777778
1 0.4748119212962963 0.3604817708333333 0.18842592592592589 0.3343315972222223
1 0.5254991319444444 0.04659288194444444 0.062225115740740744 0.09318576388888888
1 0.36840277777777775 0.04233940972222222 0.06788194444444451 0.08467881944444444
1 0.6514467592592592 0.1633029513888889 0.08434606481481488 0.15989583333333335
1 0.41673177083333335 0.13079427083333334 0.10037615740740735 0.1879340277777778
1 0.1613498263888889 0.10993923611111112 0.11614583333333334 0.19839409722222223
1 0.09662905092592593 0.7237413194444444 0.11422164351851852 0.2002604166666666
0 0.31670283564814816 0.42703993055555556 0.1449942129629629 0.3011718750000001
0 0.5717520254629629 0.07803819444444444 0.08632812500000009 0.1560763888888889
0 0.6927445023148148 0.20831163194444446 0.10241608796296298 0.1938802083333333
0 0.8792679398148149 0.2000217013888889 0.17641782407407414 0.3142795138888889
0 0.6954861111111111 0.6161241319444445 0.19314236111111116 0.3891927083333333