0 0.7055627893518519 0.2007378472222222 0.0321903935185186 0.04904513888888884
1 0.07587528935185185 0.5480251736111111 0.04081307870370371 0.06277488425925926
1 0.12283709490740741 0.6121021412037038 0.03885995370370371 0.06276041666666687
0 0.004560908564814815 0.4539713541666667 0.00912181712962963 0.06274594907407405
0 0.10303096064814815 0.4521629050925926 0.05448495370370371 0.06287615740740748
0 0.04811921296296296 0.4398799189814815 0.040581597222222224 0.058868634259259256
0 0.09259259259259259 0.1506148726851852 0.03598090277777777 0.04712094907407405
0 0.08706597222222223 0.17798755787037038 0.03207465277777777 0.047092013888888895
0 0.1535083912037037 0.35808015046296293 0.03655960648148149 0.05688657407407405
0 0.11605902777777778 0.3476200810185185 0.04058159722222224 0.058868634259259256
0 0.24168836805555555 0.22076822916666666 0.031843171296296324 0.043185763888888895
0 0.21478587962962964 0.26294126157407405 0.03230613425925927 0.05099826388888884
1 0.13240740740740742 0.269408275462963 0.036443865740740766 0.05493344907407405
1 0.2077907986111111 0.23273292824074074 0.03219039351851849 0.049045138888888895
1 0.25516493055555556 0.27337962962962964 0.03425925925925921 0.051012731481481444
1 0.2953269675925926 0.2545355902777778 0.03609664351851849 0.04907407407407405
1 0.3399739583333333 0.22589699074074074 0.03265335648148149 0.056857638888888895
0 0.24092881944444444 0.3818359375 0.04058159722222221 0.058868634259259256
0 0.32584635416666663 0.3489945023148148 0.042766203703703765 0.06278935185185186
0 0.35930989583333334 0.27846498842592593 0.03851273148148149 0.05690104166666665
0 0.32154947916666665 0.19089265046296294 0.03425925925925921 0.051012731481481444
0 0.26740451388888886 0.13272569444444443 0.02770543981481488 0.03925057870370374
0 0.30394965277777775 0.10902777777777778 0.029890046296296324 0.04317129629629629
0 0.32527488425925927 0.07860966435185185 0.027936921296296324 0.043156828703703715
0 0.3750506365740741 0.014279513888888888 0.02724247685185177 0.028559027777777777
0 0.3652705439814815 0.0461009837962963 0.02770543981481488 0.0392505787037037
0 0.4027199074074074 0.05656105324074075 0.029890046296296324 0.04317129629629629
1 0.4106264467592593 0.10433304398148148 0.02977430555555549 0.04121817129629629
0 0.39657118055555557 0.19326533564814813 0.03414351851851849 0.049059606481481444
0 0.4394097222222222 0.09631076388888889 0.029890046296296324 0.04317129629629629
0 0.4316767939814815 0.04560908564814815 0.02782118055555549 0.0412037037037037
0 0.4697771990740741 0.01392505787037037 0.02528935185185177 0.02785011574074074
0 0.48549623842592593 0.05985243055555556 0.025520833333333326 0.03532986111111111
0 0.5181785300925926 0.06839554398148148 0.025057870370370328 0.02751736111111111
0 0.503732638888889 0.13097511574074075 0.03172743055555571 0.041232638888888895
0 0.40477430555555555 0.3513382523148148 0.04506655092592593 0.06866319444444446
0 0.5412688078703705 0.33763744212962965 0.03667534722222232 0.05883969907407405
0 0.5511140046296297 0.28680555555555554 0.03460648148148149 0.056872106481481444
0 0.5030020254629629 0.22566550925925927 0.034375000000000044 0.052965856481481444
0 0.4470703125 0.3129557291666667 0.04460358796296293 0.060850694444444464
0 0.4672164351851852 0.35185185185185186 0.040813078703703654 0.06277488425925926
0 0.519140625 0.3651331018518519 0.04299768518518521 0.06669560185185186
0 0.6473524305555556 0.37589699074074073 0.04069733796296293 0.060821759259259256
0 0.5857711226851852 0.3773292824074074 0.047366898148148096 0.07453703703703707
0 0.6213107638888888 0.28823784722222223 0.03667534722222232 0.05883969907407405
1 0.6455512152777778 0.15920862268518518 0.030121527777777768 0.04707754629629629
1 0.6773871527777777 0.1326171875 0.028052662037036935 0.04510995370370369
0 0.5580656828703703 0.02190031828703704 0.028052662037036935 0.04380063657407408
0 0.5476924189814815 0.0974609375 0.029890046296296324 0.04317129629629629
0 0.5824074074074074 0.055230034722222224 0.029890046296296324 0.04317129629629629
0 0.6442635995370369 0.08210358796296297 0.031958912037036935 0.045138888888888895
0 0.6226779513888889 0.18280526620370371 0.03207465277777777 0.047092013888888895
0 0.644408275462963 0.013773148148148149 0.026895254629629495 0.0255787037037037
0 0.6783926504629629 0.06623263888888889 0.025636574074074048 0.03728298611111111
0 0.7039496527777778 0.07970920138888889 0.029890046296296324 0.04317129629629629
0 0.7150318287037036 0.09036458333333333 0.029774305555555713 0.04121817129629629
0 0.7818142361111111 0.01763599537037037 0.025057870370370328 0.027517361111111117
0 0.7356481481481482 0.10485387731481483 0.02977430555555549 0.04121817129629629
0 0.8788266782407408 0.04424913194444444 0.027821180555555713 0.0412037037037037
0 0.82734375 0.07293836805555556 0.030005787037036935 0.04512442129629629
0 0.8024594907407407 0.09752604166666667 0.029311342592592604 0.03340567129629629
1 0.7403428819444444 0.14093605324074074 0.027473958333333215 0.03534432870370369
1 0.8495659722222222 0.09327256944444444 0.025520833333333215 0.03532986111111111
1 0.9712022569444445 0.03380353009259259 0.027821180555555713 0.0412037037037037
0 0.9386791087962962 0.05551938657407407 0.029774305555555713 0.04121817129629629
0 0.9034577546296296 0.07335069444444445 0.031958912037036935 0.045138888888888895
0 0.8705005787037037 0.16827980324074074 0.031958912037036935 0.045138888888888895
0 0.8256944444444445 0.16665943287037038 0.031958912037036935 0.04513888888888884
0 0.7679904513888889 0.23444010416666666 0.034490740740740655 0.054918981481481444
0 0.848705150462963 0.22310474537037037 0.03207465277777777 0.047092013888888895
0 0.9232855902777778 0.18350694444444443 0.03230613425925921 0.05099826388888884
0 0.982544849537037 0.10595341435185185 0.024725115740740655 0.054846643518518534
0 0.9495949074074075 0.18428819444444444 0.0360966435185186 0.04907407407407405
0 0.8954427083333334 0.27449363425925927 0.025636574074074048 0.03728298611111114
0 0.8605541087962962 0.31965422453703707 0.038396990740740655 0.05494791666666665
0 0.8383391203703704 0.28272569444444445 0.03425925925925921 0.051012731481481444
0 0.7999565972222222 0.3044849537037037 0.04253472222222232 0.05888310185185186
0 0.9586516203703703 0.49267939814814815 0.027372685185185208 0.06657986111111114
0 0.9072554976851852 0.3222366898148148 0.04058159722222232 0.058868634259259256
0 0.8870442708333334 0.43268952546296297 0.04299768518518521 0.06669560185185186
0 0.8664641203703703 0.46700665509259254 0.04908854166666665 0.07064525462962967
0 0.7163917824074074 0.3968605324074074 0.04460358796296293 0.060850694444444464
0 0.6704861111111111 0.41379484953703705 0.045298032407407485 0.07256944444444446
0 0.6926432291666667 0.4516999421296296 0.045413773148148096 0.07452256944444446
0 0.3389612268518518 0.44065393518518514 0.053110532407407485 0.07262731481481488
0 0.4049189814814815 0.41478587962962965 0.04690393518518521 0.06672453703703707
0 0.4698206018518518 0.43968460648148144 0.05334201388888893 0.07653356481481488
0 0.4207826967592593 0.5259476273148148 0.049320023148148096 0.07455150462962967
0 0.8631727430555556 0.37429832175925926 0.04058159722222232 0.058868634259259256
0 0.5664713541666667 0.5053457754629629 0.05552662037037037 0.08045428240740726
0 0.43472222222222223 0.5707465277777777 0.05747974537037037 0.08046875000000009
0 0.03375651041666666 0.6664568865740741 0.06751302083333333 0.08641493055555549
0 0.829029224537037 0.9504701967592593 0.06954571759259265 0.08641493055555549
0 0.6891637731481481 0.5268880208333333 0.053110532407407485 0.07262731481481488
0 0.6589988425925926 0.5417534722222221 0.05552662037037037 0.08045428240740726
0 0.9074508101851853 0.533080150462963 0.04943576388888893 0.07650462962962967
0 0.9001808449074074 0.6063440393518518 0.06621817129629637 0.0961516203703705
0 0.8839048032407407 0.7821686921296296 0.05415219907407409 0.09020543981481488
0 0.8451244212962963 0.7941695601851853 0.06461226851851842 0.10199652777777768
0 0.681763599537037 0.8988498263888889 0.0708188657407407 0.10789930555555549
0 0.5891999421296297 0.8136357060185184 0.06426504629629637 0.09613715277777768
0 0.5478153935185185 0.7378038194444445 0.06196469907407409 0.0902633101851853
0 0.48233506944444443 0.8544487847222222 0.06598668981481481 0.0922453703703705
0 0.4000506365740741 0.7769675925925926 0.043344907407407374 0.07255497685185186
0 0.3402488425925926 0.9130931712962963 0.07219328703703698 0.0981481481481481
0 0.17859519675925928 0.9230758101851853 0.06380208333333337 0.08832465277777768
0 0.33504050925925927 0.6056495949074074 0.05483217592592593 0.06873553240740726
0 0.2507957175925926 0.5447771990740741 0.04897280092592593 0.06869212962962967
0 0.224927662037037 0.5859664351851852 0.05736400462962965 0.07851562500000009
0 0.332421875 0.6827835648148148 0.04518229166666665 0.07061631944444446
0 0.3575231481481482 0.6874782986111111 0.049782986111111094 0.08236400462962967
0 0.2724175347222222 0.7564380787037037 0.06368634259259265 0.08637152777777768