0 0.7086588541666667 0.23137297453703703 0.03450520833333348 0.049754050925925886
1 0.0712890625 0.5451750578703703 0.04322916666666665 0.06365740740740744
1 0.11673177083333333 0.6120804398148149 0.04127604166666665 0.06359953703703702
0 0.004264322916666667 0.4458622685185185 0.008528645833333334 0.06354166666666661
0 0.10110677083333335 0.4501663773148148 0.055078125000000006 0.06595775462962972
0 0.04635416666666667 0.43484519675925926 0.041015625 0.059693287037037024
0 0.09882812499999999 0.14676649305555556 0.03632812499999999 0.0478587962962963
0 0.09205729166666667 0.17494212962962963 0.03255208333333334 0.04969618055555558
0 0.15319010416666667 0.35875289351851847 0.038932291666666674 0.05768229166666661
0 0.11686197916666666 0.3459346064814815 0.041015625 0.059693287037037024
0 0.24518229166666666 0.22644675925925928 0.03424479166666672 0.045847800925925886
0 0.21705729166666665 0.2667100694444444 0.034635416666666696 0.051707175925926
1 0.13470052083333334 0.26916232638888893 0.03880208333333335 0.05572916666666661
1 0.21126302083333331 0.23620515046296298 0.03255208333333337 0.04969618055555558
1 0.2572916666666667 0.2796440972222222 0.034635416666666696 0.051707175925925886
1 0.29752604166666663 0.2632233796296296 0.03645833333333326 0.0498119212962963
1 0.343359375 0.23620515046296298 0.033203125 0.05946180555555558
0 0.24029947916666666 0.38775318287037036 0.041015625 0.059693287037037024
0 0.3263020833333333 0.3599681712962963 0.04322916666666665 0.06365740740740744
0 0.36126302083333334 0.290552662037037 0.038932291666666674 0.05768229166666661
0 0.3251953125 0.20044126157407408 0.034635416666666696 0.05170717592592594
0 0.27252604166666666 0.13919270833333333 0.030078124999999956 0.041825810185185164
0 0.31015625 0.11780237268518519 0.03229166666666661 0.04578993055555555
0 0.33170572916666663 0.0881076388888889 0.030208333333333393 0.043778935185185164
0 0.384765625 0.026077835648148147 0.02734375 0.030049189814814817
0 0.37285156249999996 0.0580150462962963 0.028124999999999956 0.04176793981481482
0 0.41015625 0.07086226851851851 0.03033854166666672 0.04573206018518519
1 0.41679687499999996 0.11802662037037037 0.030208333333333393 0.043778935185185164
0 0.40013020833333335 0.20657552083333333 0.03450520833333326 0.04975405092592594
0 0.44557291666666665 0.11202980324074074 0.03229166666666661 0.045789930555555525
0 0.43919270833333335 0.060959201388888884 0.030078124999999956 0.04182581018518519
0 0.47747395833333334 0.02980324074074074 0.025520833333333326 0.03194444444444444
0 0.49186197916666663 0.07817563657407407 0.025911458333333304 0.03780381944444444
0 0.5254557291666667 0.08797743055555556 0.025390625 0.029991319444444442
0 0.5095703125 0.15013020833333335 0.03411458333333339 0.043894675925925886
0 0.4051432291666667 0.3662181712962963 0.04752604166666663 0.06963252314814816
0 0.5416015625 0.359497974537037 0.037109375 0.0595775462962963
0 0.552734375 0.3099247685185185 0.03502604166666656 0.057566550925925886
0 0.5051432291666667 0.2458912037037037 0.03671874999999991 0.0537181712962963
0 0.4477213541666667 0.3293185763888889 0.04700520833333344 0.06182002314814816
0 0.46751302083333335 0.37002314814814813 0.04127604166666665 0.06359953703703702
0 0.5182942708333333 0.386205150462963 0.045442708333333304 0.06762152777777786
0 0.6462890625 0.4036964699074074 0.041145833333333215 0.061646412037037024
0 0.584765625 0.40187355324074076 0.04804687499999982 0.07744502314814816
0 0.6229166666666667 0.31396122685185185 0.037109375 0.0595775462962963
1 0.6499999999999999 0.18658130787037036 0.03255208333333348 0.04969618055555558
1 0.6819661458333333 0.1620876736111111 0.030338541666666607 0.045732060185185164
0 0.565625 0.04317853009259259 0.030338541666666607 0.04573206018518519
0 0.5537109375 0.1191478587962963 0.030338541666666607 0.045732060185185164
0 0.5897135416666667 0.07813946759259259 0.030338541666666607 0.04573206018518519
0 0.6502604166666667 0.10928819444444444 0.03229166666666661 0.04578993055555555
0 0.6270182291666666 0.20840567129629628 0.03242187499999982 0.04774305555555558
0 0.6528645833333333 0.04087094907407407 0.027213541666666785 0.028096064814814817
0 0.6854166666666667 0.09565248842592593 0.025911458333333304 0.03780381944444444
0 0.7098958333333334 0.11007667824074073 0.03216145833333339 0.04383680555555555
0 0.7208984375 0.12116608796296297 0.030208333333333393 0.043778935185185164
0 0.7901041666666666 0.05178674768518519 0.027213541666666785 0.028096064814814817
0 0.7413411458333333 0.13742766203703705 0.03216145833333339 0.04383680555555558
0 0.8858072916666666 0.0839771412037037 0.028125000000000178 0.0417679398148148
0 0.8341796875 0.10984519675925926 0.030468749999999822 0.04768518518518519
0 0.808203125 0.13255931712962965 0.029557291666666652 0.034013310185185164
1 0.7448567708333333 0.17275752314814813 0.027864583333333304 0.03786168981481486
1 0.8552083333333333 0.1319950810185185 0.02578125000000009 0.03585069444444444
1 0.9781901041666667 0.0779079861111111 0.028125000000000178 0.0417679398148148
0 0.9455078125 0.09846643518518518 0.03203125000000018 0.04188368055555555
0 0.91015625 0.1150318287037037 0.034375000000000044 0.04780092592592591
0 0.874609375 0.20791377314814813 0.03229166666666661 0.04578993055555558
0 0.8298828125 0.2036530671296296 0.03242187499999982 0.04774305555555558
0 0.7707682291666667 0.2684389467592593 0.03684895833333335 0.0556712962962963
0 0.8514973958333334 0.26104600694444446 0.03450520833333348 0.049754050925926
0 0.9272135416666667 0.2261067708333333 0.03281249999999991 0.05360243055555558
0 0.9841145833333333 0.15049189814814815 0.019270833333333348 0.05515046296296294
0 0.9534505208333333 0.22884114583333331 0.03645833333333348 0.0498119212962963
0 0.8968098958333333 0.3152271412037037 0.02604166666666652 0.03975694444444444
0 0.8606119791666667 0.3591652199074074 0.04075520833333335 0.055787037037037024
0 0.8387369791666667 0.32035590277777776 0.036588541666666696 0.0517650462962963
0 0.8001953125 0.34074074074074073 0.04296875 0.05975115740740744
0 0.9543619791666667 0.5380714699074074 0.02799479166666652 0.06905381944444455
0 0.9072265625 0.3644603587962963 0.04296875 0.05975115740740744
0 0.8843098958333333 0.47337239583333335 0.043489583333333304 0.06756365740740744
0 0.8634765625 0.5070023148148148 0.04960937500000018 0.07164351851851847
0 0.7141276041666667 0.42821180555555555 0.04713541666666665 0.06377314814814816
0 0.6681640625 0.442505787037037 0.04583333333333339 0.07348090277777786
0 0.6889973958333333 0.48226273148148147 0.04791666666666661 0.07549189814814827
0 0.3367838541666667 0.4522569444444444 0.05559895833333339 0.07377025462962972
0 0.4028645833333333 0.42975260416666666 0.04752604166666674 0.06963252314814816
0 0.46751302083333335 0.45808738425925927 0.05598958333333326 0.0796296296296296
0 0.41595052083333334 0.5416883680555555 0.05182291666666672 0.07560763888888888
0 0.8618489583333333 0.41399739583333334 0.041015625 0.059693287037037024
0 0.5615885416666666 0.529369212962963 0.058072916666666696 0.08164062499999991
0 0.4295572916666667 0.5871021412037036 0.060026041666666696 0.08169849537037033
0 0.03072916666666667 0.6612340856481481 0.06145833333333334 0.0879050925925926
0 0.8138671875000001 0.9734664351851852 0.06966145833333348 0.05306712962962967
0 0.6839843750000001 0.5574580439814815 0.05377604166666661 0.0756655092592593
0 0.6547526041666667 0.5702907986111112 0.05820312499999991 0.08359374999999991
0 0.901953125 0.5756582754629629 0.050000000000000044 0.07750289351851869
0 0.8932291666666667 0.6478081597222223 0.0688802083333333 0.097554976851852
0 0.8727213541666667 0.8233289930555556 0.056770833333333215 0.0913483796296295
0 0.8338541666666667 0.8339192708333334 0.06744791666666661 0.10530960648148158
0 0.6669921875 0.929759837962963 0.0736979166666667 0.11134259259259238
0 0.5770833333333334 0.8400101273148148 0.0649739583333333 0.09743923611111116
0 0.53828125 0.7615596064814815 0.06276041666666665 0.09347511574074074
0 0.47005208333333337 0.875 0.06861979166666665 0.09364872685185177
0 0.38945312499999996 0.7923755787037037 0.04583333333333339 0.07348090277777786
0 0.3266927083333333 0.9265263310185186 0.07499999999999996 0.1016348379629628
0 0.1642578125 0.9266059027777778 0.06653645833333333 0.09163773148148158
0 0.3287109375 0.6173828125 0.05533854166666674 0.0698640046296295
0 0.24602864583333334 0.5513310185185185 0.049609374999999956 0.07164351851851847
0 0.21888020833333333 0.5916232638888889 0.05989583333333337 0.07974537037037033
0 0.324609375 0.6935836226851853 0.045703124999999956 0.07152777777777786
0 0.34954427083333334 0.701171875 0.05247395833333335 0.08537326388888888
0 0.2621744791666667 0.7641420717592593 0.064453125 0.08962673611111116