0 0.70703125 0.1982421875 0.0283203125 0.0478515625
1 0.1103515625 0.5625 0.03515625 0.0615234375
1 0.1630859375 0.625 0.033203125 0.060546875
0 0.0166015625 0.470703125 0.03125 0.0615234375
0 0.12890625 0.4658203125 0.0478515625 0.0615234375
0 0.072265625 0.455078125 0.0341796875 0.056640625
0 0.08984375 0.1650390625 0.03125 0.044921875
0 0.0869140625 0.193359375 0.02734375 0.046875
0 0.169921875 0.37109375 0.0322265625 0.0556640625
0 0.1318359375 0.361328125 0.0341796875 0.056640625
0 0.2451171875 0.2314453125 0.0283203125 0.04296875
0 0.22265625 0.2744140625 0.0283203125 0.0498046875
1 0.140625 0.283203125 0.0322265625 0.0537109375
1 0.212890625 0.244140625 0.02734375 0.0478515625
1 0.263671875 0.283203125 0.029296875 0.0498046875
1 0.3017578125 0.263671875 0.03125 0.0478515625
1 0.34375 0.2333984375 0.02734375 0.056640625
0 0.259765625 0.392578125 0.0341796875 0.056640625
0 0.341796875 0.357421875 0.0361328125 0.0615234375
0 0.3681640625 0.2861328125 0.033203125 0.0556640625
0 0.322265625 0.19921875 0.029296875 0.0498046875
0 0.2626953125 0.142578125 0.0244140625 0.0390625
0 0.296875 0.1181640625 0.0263671875 0.04296875
0 0.3154296875 0.0869140625 0.0244140625 0.0419921875
0 0.3603515625 0.0185546875 0.0244140625 0.0361328125
0 0.3525390625 0.0537109375 0.0234375 0.0390625
0 0.390625 0.0634765625 0.025390625 0.04296875
1 0.4033203125 0.1103515625 0.025390625 0.041015625
0 0.3974609375 0.19921875 0.029296875 0.046875
0 0.431640625 0.1015625 0.0263671875 0.04296875
0 0.4189453125 0.0517578125 0.0244140625 0.0400390625
0 0.4541015625 0.0166015625 0.021484375 0.03125
0 0.4736328125 0.064453125 0.0224609375 0.03515625
0 0.5078125 0.0712890625 0.0224609375 0.02734375
0 0.4990234375 0.134765625 0.0283203125 0.041015625
0 0.4208984375 0.357421875 0.0390625 0.0673828125
0 0.5556640625 0.33984375 0.03125 0.056640625
0 0.5615234375 0.2890625 0.029296875 0.0556640625
0 0.5068359375 0.2294921875 0.0302734375 0.0517578125
0 0.458984375 0.3173828125 0.0390625 0.05859375
0 0.4833984375 0.3564453125 0.0341796875 0.060546875
0 0.5361328125 0.3681640625 0.037109375 0.0654296875
0 0.666015625 0.375 0.0341796875 0.05859375
0 0.6044921875 0.3779296875 0.0400390625 0.0732421875
0 0.6318359375 0.2880859375 0.0302734375 0.056640625
1 0.6435546875 0.1591796875 0.0263671875 0.046875
1 0.6728515625 0.1318359375 0.0244140625 0.0439453125
0 0.54296875 0.0234375 0.0244140625 0.0439453125
0 0.5400390625 0.099609375 0.025390625 0.04296875
0 0.5703125 0.056640625 0.025390625 0.04296875
0 0.634765625 0.08203125 0.02734375 0.0439453125
0 0.623046875 0.1826171875 0.02734375 0.0458984375
0 0.62890625 0.013671875 0.0244140625 0.025390625
0 0.66796875 0.0654296875 0.0224609375 0.0361328125
0 0.6943359375 0.078125 0.0263671875 0.0419921875
0 0.7060546875 0.087890625 0.025390625 0.041015625
0 0.7666015625 0.013671875 0.0234375 0.0263671875
0 0.728515625 0.1025390625 0.0263671875 0.041015625
0 0.8662109375 0.0380859375 0.0234375 0.0400390625
0 0.8173828125 0.0673828125 0.025390625 0.044921875
0 0.794921875 0.0927734375 0.025390625 0.0322265625
1 0.736328125 0.1376953125 0.0244140625 0.03515625
1 0.8408203125 0.087890625 0.0224609375 0.0341796875
1 0.95703125 0.0244140625 0.0234375 0.0400390625
0 0.9267578125 0.046875 0.0263671875 0.0400390625
0 0.8935546875 0.06640625 0.0283203125 0.044921875
0 0.869140625 0.162109375 0.02734375 0.0439453125
0 0.82421875 0.1611328125 0.02734375 0.044921875
0 0.7734375 0.23046875 0.0302734375 0.052734375
0 0.8525390625 0.216796875 0.0283203125 0.046875
0 0.923828125 0.17578125 0.02734375 0.05078125
0 0.98046875 0.0966796875 0.0302734375 0.0537109375
0 0.9501953125 0.17578125 0.03125 0.0478515625
0 0.904296875 0.2666015625 0.0224609375 0.037109375
0 0.8740234375 0.3134765625 0.0341796875 0.052734375
0 0.84765625 0.2763671875 0.0302734375 0.0498046875
0 0.8115234375 0.2998046875 0.037109375 0.056640625
0 0.98828125 0.4833984375 0.0205078125 0.06640625
0 0.9208984375 0.314453125 0.03515625 0.0576171875
0 0.9111328125 0.4248046875 0.0361328125 0.064453125
0 0.8935546875 0.4599609375 0.0419921875 0.068359375
0 0.736328125 0.3935546875 0.0390625 0.0595703125
0 0.6923828125 0.412109375 0.0380859375 0.0703125
0 0.7177734375 0.44921875 0.0390625 0.072265625
0 0.36328125 0.4482421875 0.046875 0.0703125
0 0.4267578125 0.4208984375 0.0400390625 0.0654296875
0 0.494140625 0.443359375 0.046875 0.0751953125
0 0.453125 0.53125 0.04296875 0.072265625
0 0.880859375 0.3671875 0.0341796875 0.0576171875
0 0.5966796875 0.5068359375 0.048828125 0.078125
0 0.4716796875 0.5751953125 0.05078125 0.078125
0 0.078125 0.681640625 0.0625 0.0830078125
0 0.90234375 0.94921875 0.060546875 0.0927734375
0 0.7216796875 0.5244140625 0.0458984375 0.0712890625
0 0.693359375 0.5400390625 0.048828125 0.0791015625
0 0.9404296875 0.5244140625 0.0419921875 0.07421875
0 0.9404296875 0.59765625 0.0576171875 0.09375
0 0.9404296875 0.7734375 0.0458984375 0.087890625
0 0.9033203125 0.787109375 0.0556640625 0.1005859375
0 0.7490234375 0.8955078125 0.0615234375 0.10546875
0 0.6484375 0.8134765625 0.0546875 0.09375
0 0.6005859375 0.7392578125 0.052734375 0.0888671875
0 0.5458984375 0.857421875 0.0576171875 0.0888671875
0 0.4560546875 0.7822265625 0.037109375 0.0703125
0 0.4091796875 0.919921875 0.0634765625 0.095703125
0 0.248046875 0.93359375 0.0556640625 0.0869140625
0 0.375 0.61328125 0.0478515625 0.06640625
0 0.28515625 0.5546875 0.0419921875 0.0673828125
0 0.2626953125 0.5966796875 0.0498046875 0.076171875
0 0.3798828125 0.689453125 0.0380859375 0.0693359375
0 0.4052734375 0.6943359375 0.04296875 0.0810546875
0 0.326171875 0.7646484375 0.0546875 0.0849609375