0 0.7658420138888888 0.26222511574074076 0.038165509259259434 0.05208333333333337
1 0.13515624999999998 0.5048828125 0.04885706018518521 0.06807002314814814
1 0.1812572337962963 0.5757740162037037 0.04678819444444443 0.06604456018518512
0 0.05078125 0.3965205439814815 0.04495081018518518 0.06792534722222232
0 0.1628616898148148 0.41333912037037035 0.06069155092592593 0.07045717592592593
0 0.1079933449074074 0.39181857638888884 0.04655671296296296 0.06213831018518512
0 0.15371093749999998 0.1109302662037037 0.04000289351851849 0.05020254629629631
0 0.14751880787037036 0.13798466435185186 0.03816550925925927 0.052083333333333315
0 0.21337528935185185 0.3284866898148148 0.04460358796296293 0.06206597222222221
0 0.1763165509259259 0.3115234375 0.04655671296296293 0.06213831018518523
0 0.30161313657407407 0.2060546875 0.03793402777777777 0.048177083333333315
0 0.27554976851851853 0.24309172453703703 0.038281250000000044 0.05403645833333337
1 0.19231047453703703 0.2361111111111111 0.04448784722222221 0.06011284722222221
1 0.26881510416666665 0.21166087962962965 0.03816550925925921 0.05208333333333337
1 0.3155381944444444 0.2601634837962963 0.040350115740740655 0.05606192129629628
1 0.35476707175925926 0.24797453703703703 0.042187500000000044 0.0541811342592593
1 0.40025318287037037 0.22627314814814814 0.03874421296296293 0.06184895833333337
0 0.3004195601851852 0.3667896412037037 0.04655671296296293 0.06213831018518512
0 0.38600260416666665 0.3475477430555556 0.04885706018518521 0.06807002314814814
0 0.41923466435185186 0.28349247685185186 0.04460358796296293 0.06206597222222221
0 0.3814525462962963 0.18854890046296297 0.040350115740740655 0.05606192129629628
0 0.3277705439814815 0.12127459490740741 0.031843171296296324 0.04405381944444442
0 0.36475694444444445 0.10413049768518519 0.03598090277777777 0.04810474537037038
0 0.38559751157407407 0.07761863425925926 0.033912037037037046 0.04607928240740741
0 0.4371600115740741 0.026909722222222224 0.030570023148148162 0.022569444444444448
0 0.42596932870370374 0.051830150462962965 0.031843171296296324 0.04405381944444445
0 0.46302806712962963 0.06879340277777778 0.03402777777777777 0.04803240740740741
1 0.47172309027777776 0.11686197916666667 0.033912037037037046 0.04607928240740741
0 0.45636574074074077 0.20301649305555558 0.04011863425925921 0.05215567129629628
0 0.5007884837962963 0.11404079861111112 0.03598090277777777 0.04810474537037038
0 0.49289641203703705 0.0630787037037037 0.033796296296296324 0.04412615740740741
0 0.5312572337962963 0.03624131944444445 0.027358217592592604 0.03414351851851852
0 0.5458695023148148 0.08550347222222222 0.02965856481481488 0.04007523148148148
0 0.5798249421296295 0.0994285300925926 0.029195601851851993 0.03226273148148148
0 0.5648582175925927 0.15928819444444445 0.037818287037036935 0.046223958333333315
0 0.4648799189814815 0.36313657407407407 0.053110532407407485 0.07407407407407407
0 0.600853587962963 0.3720703125 0.04265046296296293 0.0619936342592593
0 0.6116319444444445 0.32374855324074076 0.04058159722222232 0.05996817129629628
0 0.5627170138888888 0.2547019675925926 0.04046585648148149 0.05801504629629628
0 0.5068576388888889 0.3315610532407407 0.050694444444444375 0.06618923611111116
0 0.5269241898148148 0.37420428240740744 0.046788194444444375 0.06604456018518512
0 0.5788628472222223 0.3956163194444444 0.05104166666666665 0.07204861111111116
0 0.7074363425925926 0.42766203703703703 0.046672453703703765 0.06409143518518523
0 0.6455078125 0.4185474537037037 0.05541087962962954 0.08000578703703698
0 0.6815465856481482 0.33608217592592593 0.04265046296296293 0.0619936342592593
1 0.7063078703703703 0.21129918981481483 0.03621238425925921 0.05201099537037035
1 0.7381799768518519 0.19006799768518517 0.03402777777777777 0.04803240740740744
0 0.6193287037037037 0.058991608796296294 0.03402777777777777 0.04803240740740741
0 0.6090784143518518 0.13266782407407407 0.03402777777777777 0.04803240740740744
0 0.6430121527777778 0.0968967013888889 0.03402777777777777 0.048032407407407385
0 0.7046657986111111 0.13425925925925924 0.03598090277777777 0.04810474537037035
0 0.6831090856481481 0.23090277777777776 0.0380497685185186 0.050130208333333315
0 0.7054976851851852 0.06608072916666667 0.02907986111111116 0.030309606481481483
0 0.7391276041666667 0.1238425925925926 0.02965856481481488 0.04007523148148148
0 0.764525462962963 0.14134837962962965 0.035865162037036935 0.04615162037037035
0 0.7749855324074073 0.15342881944444445 0.033912037037036935 0.046079282407407385
0 0.8434895833333333 0.09262876157407408 0.02907986111111116 0.030309606481481483
0 0.7965928819444444 0.17274305555555558 0.035865162037036935 0.04615162037037035
0 0.9395543981481481 0.13516348379629628 0.031843171296296324 0.04405381944444442
0 0.8880931712962963 0.15469473379629628 0.0341435185185186 0.04998553240740744
0 0.8639756944444444 0.1752387152777778 0.03138020833333344 0.03624131944444442
1 0.8006293402777778 0.20797164351851855 0.03161168981481488 0.04014756944444442
1 0.9100477430555556 0.1798683449074074 0.029542824074074048 0.038122106481481455
0 0.9901982060185186 0.1557074652777778 0.0196035879629628 0.04390914351851849
0 0.9639829282407408 0.16919849537037038 0.0380497685185186 0.050130208333333315
0 0.9302445023148148 0.2575954861111111 0.03598090277777777 0.04810474537037035
0 0.8858362268518518 0.24815538194444448 0.0360966435185186 0.05005787037037035
0 0.8288773148148149 0.30645978009259256 0.04241898148148149 0.0580873842592593
0 0.9088975694444444 0.30844907407407407 0.03816550925925921 0.05208333333333326
0 0.9825557002314815 0.2820095486111111 0.034888599537036935 0.05598958333333337
0 0.9939019097222221 0.2855902777777778 0.012196180555555713 0.05367476851851849
0 0.9552806712962962 0.3676576967592593 0.029774305555555713 0.0420283564814814
0 0.9206018518518518 0.40729890046296297 0.04632523148148149 0.05823206018518523
0 0.8977213541666667 0.36650028935185186 0.040350115740740655 0.05606192129629628
0 0.859642650462963 0.3816550925925926 0.048625578703703765 0.06416377314814814
0 0.9999421296296296 0.5960286458333334 0.00011574074074083285 0.06951678240740744
0 0.9670211226851853 0.41778790509259256 0.04667245370370354 0.06409143518518512
0 0.947019675925926 0.5242332175925926 0.04897280092592604 0.07002314814814814
0 0.9254918981481481 0.5555917245370371 0.057132523148148096 0.076171875
0 0.7755787037037036 0.4594184027777778 0.052647569444444375 0.06626157407407407
0 0.7303747106481482 0.46943721064814814 0.05334201388888893 0.07798032407407418
0 0.7513599537037037 0.5111400462962963 0.05541087962962976 0.08000578703703698
0 0.3983940972222222 0.44155092592592593 0.06115451388888893 0.07826967592592593
0 0.4647352430555556 0.42646846064814814 0.05299479166666665 0.07212094907407407
0 0.5292028356481482 0.461986400462963 0.06345486111111098 0.08420138888888884
0 0.4802372685185185 0.5400752314814815 0.05931712962962965 0.08015046296296302
0 0.9218894675925926 0.4619140625 0.046672453703703765 0.06409143518518512
0 0.6256293402777777 0.5435112847222222 0.06552372685185182 0.08622685185185186
0 0.4937572337962963 0.5873480902777778 0.06759259259259265 0.08825231481481488
0 0.09103009259259259 0.615306712962963 0.07965856481481481 0.09454571759259256
0 0.8841001157407407 0.9921513310185186 0.07688078703703694 0.0156973379629628
0 0.7479456018518518 0.5850694444444444 0.06127025462962976 0.08022280092592604
0 0.7183087384259259 0.5946903935185185 0.06563946759259265 0.08817997685185186
0 0.9667679398148148 0.6272786458333334 0.05747974537037037 0.08203125
0 0.9593315972222223 0.6991102430555556 0.07828414351851842 0.10423900462962976
0 0.9422887731481482 0.8719256365740741 0.06414930555555554 0.09592013888888884
0 0.9036892361111111 0.8782913773148149 0.07667824074074092 0.11002604166666652
0 0.7396629050925926 0.9484772858796297 0.08483796296296298 0.1030454282407407
0 0.6470196759259259 0.8551432291666666 0.07437789351851842 0.10409432870370372
0 0.6060836226851851 0.7727502893518519 0.07207754629629637 0.0981626157407407
0 0.5402416087962962 0.8784722222222222 0.0760995370370372 0.10026041666666674
0 0.45782696759259256 0.7867476851851851 0.05138888888888893 0.07790798611111116
0 0.3980830439814815 0.913158275462963 0.08425925925925926 0.1064091435185186
0 0.23625578703703703 0.8954716435185185 0.07391493055555554 0.09628182870370372
0 0.3935257523148148 0.6060474537037037 0.06287615740740748 0.07443576388888884
0 0.3101417824074074 0.5308521412037037 0.057016782407407485 0.07421875
0 0.2840784143518519 0.5678891782407407 0.06552372685185182 0.08622685185185186
0 0.3911458333333333 0.6809895833333333 0.053226273148148096 0.07602719907407396
0 0.41608072916666666 0.6906828703703703 0.05978009259259254 0.08796296296296302
0 0.3306278935185185 0.7450086805555556 0.07184606481481481 0.0942563657407407