0 0.7179904513888888 0.22066695601851852 0.03233506944444464 0.04929108796296294
1 0.09537760416666666 0.5435836226851852 0.040451388888888884 0.06307870370370372
1 0.1437282986111111 0.6097511574074074 0.038498263888888884 0.06304976851851851
0 0.013465711805555555 0.44558738425925926 0.02693142361111111 0.0630208333333333
0 0.12094184027777778 0.4482277199074074 0.05221354166666667 0.06520543981481475
0 0.06558159722222222 0.43373119212962963 0.03841145833333334 0.05914351851851851
0 0.10520833333333333 0.14516059027777778 0.03424479166666666 0.04736689814814815
0 0.09969618055555556 0.17340856481481481 0.030381944444444448 0.04926215277777779
0 0.16890190972222222 0.35613425925925923 0.03641493055555556 0.057161458333333304
0 0.1320529513888889 0.3438657407407407 0.038411458333333315 0.05914351851851851
0 0.2549045138888889 0.22259837962962964 0.032248263888888906 0.045384837962963
0 0.22860243055555557 0.2632378472222222 0.03237847222222223 0.051244212962963
1 0.1464626736111111 0.26690538194444446 0.036371527777777746 0.055208333333333304
1 0.2214626736111111 0.2328486689814815 0.03038194444444442 0.04926215277777779
1 0.26935763888888886 0.27556423611111114 0.03237847222222223 0.05124421296296289
1 0.3088107638888889 0.2585648148148148 0.03428819444444442 0.04932002314814821
1 0.3533854166666667 0.2308955439814815 0.03059895833333337 0.05902777777777779
0 0.2571831597222222 0.3838179976851852 0.03841145833333337 0.05914351851851851
0 0.34184027777777776 0.35478877314814816 0.040451388888888884 0.06307870370370372
0 0.3736762152777778 0.28492476851851856 0.03641493055555556 0.057161458333333304
0 0.3336588541666667 0.19543547453703702 0.03237847222222223 0.051244212962963
0 0.2783420138888889 0.13502604166666668 0.028255208333333393 0.04142071759259258
0 0.3149739583333333 0.11310040509259259 0.030295138888888795 0.04535590277777779
0 0.3351779513888889 0.08311631944444445 0.028298611111111094 0.04337384259259258
0 0.38541666666666663 0.020363136574074073 0.02604166666666674 0.02967303240740741
0 0.3749348958333333 0.052445023148148154 0.026302083333333393 0.0413917824074074
0 0.4127604166666667 0.06472800925925926 0.028342013888888906 0.04532696759259258
1 0.421484375 0.11174768518518519 0.028298611111111205 0.04337384259259258
0 0.4087673611111111 0.20045572916666665 0.03233506944444442 0.049291087962963
0 0.44995659722222225 0.10533130787037037 0.030295138888888795 0.04535590277777779
0 0.4413194444444445 0.05440538194444444 0.028255208333333393 0.04142071759259258
0 0.4781684027777778 0.02271412037037037 0.024131944444444442 0.03159722222222222
0 0.4946831597222222 0.07082609953703704 0.024262152777777768 0.03745659722222222
0 0.5286675347222223 0.08012152777777778 0.02408854166666652 0.02964409722222222
0 0.5155598958333334 0.14244791666666667 0.03220486111111098 0.04343171296296294
0 0.42085503472222224 0.35986689814814815 0.04448784722222221 0.06899594907407403
0 0.5568359375 0.3511357060185185 0.03450520833333348 0.059085648148148096
0 0.5657552083333333 0.30144675925925923 0.03250868055555545 0.05710358796296289
0 0.5153862847222223 0.23817997685185185 0.034375000000000044 0.05322627314814815
0 0.46174045138888886 0.3223741319444444 0.04431423611111107 0.06118344907407414
0 0.4833116319444445 0.3627459490740741 0.038498263888888884 0.06304976851851851
0 0.5347439236111111 0.37816116898148144 0.04249131944444451 0.06701388888888893
0 0.6633463541666667 0.3937427662037037 0.03845486111111107 0.06109664351851851
0 0.6018229166666667 0.39283130787037035 0.04466145833333335 0.07680844907407414
0 0.6360243055555556 0.30444155092592595 0.03450520833333326 0.059085648148148096
1 0.657421875 0.17678674768518518 0.030381944444444642 0.04926215277777779
1 0.6882595486111112 0.15184461805555555 0.028342013888889017 0.04532696759259258
0 0.5667968750000001 0.034772858796296297 0.028342013888889017 0.045326967592592596
0 0.5582682291666667 0.11084346064814815 0.028342013888889017 0.04532696759259258
0 0.5924045138888889 0.0693431712962963 0.028342013888889017 0.04532696759259258
0 0.6542534722222222 0.09956597222222222 0.030295138888889017 0.04535590277777779
0 0.6354383680555555 0.19892939814814814 0.030338541666666607 0.04730902777777779
0 0.6538194444444445 0.031177662037037035 0.02599826388888893 0.0277199074074074
0 0.6887586805555556 0.08542390046296296 0.024262152777777768 0.03745659722222222
0 0.7138454861111112 0.09947193287037037 0.030251736111110983 0.04340277777777779
0 0.7253255208333333 0.11038773148148148 0.028298611111110983 0.04337384259259258
0 0.7913628472222223 0.04005353009259259 0.02599826388888893 0.0277199074074074
0 0.7464626736111111 0.12633101851851852 0.030251736111110983 0.04340277777777779
0 0.8883680555555555 0.07079716435185185 0.026302083333333393 0.0413917824074074
0 0.8379557291666666 0.09740306712962962 0.028385416666666607 0.04728009259259258
0 0.8130208333333333 0.12047887731481483 0.028081597222222143 0.03360821759259258
1 0.7515407986111111 0.1615740740740741 0.026215277777777768 0.037485532407407374
1 0.8599392361111111 0.11922019675925927 0.024218749999999956 0.03550347222222222
1 0.9803602430555556 0.06336805555555555 0.026302083333333393 0.0413917824074074
0 0.9486328125 0.08438946759259258 0.030208333333333393 0.04144965277777779
0 0.9140625 0.10146122685185185 0.03229166666666661 0.04733796296296294
0 0.8826822916666667 0.1947771990740741 0.030295138888888795 0.04535590277777779
0 0.8378255208333334 0.1911820023148148 0.030338541666666607 0.04730902777777779
0 0.7816623263888889 0.25677806712962964 0.03441840277777786 0.055179398148148096
0 0.8619574652777777 0.2481987847222222 0.03233506944444464 0.04929108796296294
0 0.9360243055555555 0.21217447916666665 0.030468749999999822 0.05316840277777779
0 0.9894965277777779 0.13579282407407406 0.016840277777777857 0.054918981481481444
0 0.9623480902777778 0.21451822916666666 0.03428819444444442 0.04932002314814815
0 0.9096137152777778 0.3016565393518519 0.02430555555555558 0.039409722222222276
0 0.8754123263888889 0.3460865162037037 0.03832465277777786 0.05523726851851851
0 0.8518446180555556 0.3076388888888889 0.03433159722222223 0.051273148148148096
0 0.8142578125 0.3285734953703704 0.04036458333333348 0.05917245370370372
0 0.9769748263888889 0.5234302662037037 0.02495659722222232 0.06870659722222228
0 0.9222005208333333 0.3506872106481481 0.04036458333333348 0.05917245370370372
0 0.9041449652777778 0.4598307291666667 0.04053819444444451 0.06698495370370372
0 0.8848307291666666 0.4937355324074074 0.04648437499999991 0.07097800925925934
0 0.7321831597222223 0.41723090277777775 0.044357638888888884 0.06313657407407414
0 0.6869140625 0.4321903935185185 0.042621527777777724 0.07287326388888893
0 0.7094835069444445 0.47160011574074073 0.044618055555555536 0.07485532407407403
0 0.3564019097222222 0.4468315972222222 0.052387152777777724 0.07301793981481475
0 0.42139756944444445 0.4233723958333333 0.04448784722222221 0.06899594907407414
0 0.48721788194444443 0.4507233796296296 0.05251736111111105 0.07887731481481475
0 0.4394314236111111 0.5350043402777778 0.048524305555555536 0.07491319444444455
0 0.879079861111111 0.4008463541666667 0.03841145833333348 0.05914351851851851
0 0.5843315972222223 0.5205439814814815 0.05451388888888875 0.08085937499999996
0 0.4550347222222222 0.5801721643518518 0.05646701388888897 0.08088831018518516
0 0.0546875 0.660206886574074 0.06831597222222222 0.08692129629629619
0 0.8565755208333333 0.9672019675925926 0.06618923611111116 0.06559606481481484
0 0.7078125 0.5467954282407408 0.050477430555555536 0.07494212962962976
0 0.6791883680555555 0.5600477430555555 0.054557291666666785 0.08281250000000018
0 0.9263020833333333 0.5617549189814814 0.04661458333333335 0.07683738425925934
0 0.9207899305555556 0.633962673611111 0.06462673611111125 0.09662905092592577
0 0.9080946180555556 0.8096137152777778 0.05277777777777781 0.09059606481481497
0 0.8697482638888889 0.8207682291666667 0.06284722222222205 0.10441261574074079
0 0.7073567708333333 0.9189814814814814 0.06883680555555571 0.11035879629629619
0 0.6135850694444445 0.8306495949074074 0.06072048611111125 0.09657118055555558
0 0.5713541666666666 0.7528501157407408 0.058680555555555625 0.09263599537037037
0 0.5082465277777778 0.8671875 0.06453993055555562 0.092722800925926
0 0.42408854166666665 0.7858362268518518 0.042621527777777724 0.07287326388888893
0 0.36736111111111114 0.9207826967592592 0.07057291666666665 0.1006221064814814
0 0.20514322916666666 0.9232638888888889 0.06254340277777781 0.09074074074074079
0 0.3556640625 0.6119140624999999 0.05230034722222221 0.06911168981481497
0 0.2701605902777778 0.5471498842592593 0.04648437500000002 0.07097800925925934
0 0.24483506944444444 0.5878038194444445 0.05642361111111116 0.07893518518518516
0 0.3549479166666667 0.6881004050925926 0.04257812499999991 0.07092013888888893
0 0.38018663194444446 0.6953125 0.048741319444444375 0.08467881944444455
0 0.29572482638888886 0.7595124421296297 0.060546875 0.08875868055555558