0 0.4310474537037037 0.12040653935185186 0.14139178240740735 0.18742766203703703
1 0.690675636574074 0.6131365740740741 0.19395254629629632 0.31966145833333326
0 0.08812210648148149 0.14167390046296297 0.10759548611111111 0.1421440972222222
0 0.8907696759259259 0.2652994791666667 0.14887152777777768 0.21520543981481477
1 0.7085503472222223 0.24207899305555555 0.13599537037037024 0.19480613425925924
1 0.8905815972222222 0.09805410879629631 0.07803819444444438 0.06995081018518517
1 0.7805338541666667 0.12782118055555555 0.1157552083333333 0.14858217592592593
1 0.6608145254629629 0.10923032407407408 0.12631655092592586 0.12991898148148148
1 0.5350766782407407 0.2515914351851852 0.13564814814814818 0.1889467592592593
1 0.5546657986111111 0.12275752314814815 0.1366753472222222 0.1734664351851852
1 0.04815538194444444 0.17274305555555555 0.08728298611111111 0.1931423611111111
1 0.1736617476851852 0.15773292824074076 0.12381365740740741 0.18612557870370372
1 0.4154224537037037 0.6442780671296297 0.22842881944444438 0.34360532407407396
1 0.23205295138888887 0.4867983217592593 0.17003761574074072 0.27705439814814814
1 0.10218460648148148 0.5102358217592593 0.16085069444444444 0.2860966435185186
0 0.8247468171296296 0.7426576967592593 0.18394097222222228 0.28197337962962976
0 0.8250795717592593 0.45294415509259256 0.17417534722222228 0.28125
0 0.46566116898148147 0.3271484375 0.1762442129629629 0.28334780092592593
0 0.6738064236111111 0.3940972222222222 0.18589409722222228 0.2821180555555556
0 0.31601562499999997 0.8227358217592593 0.26773726851851853 0.3545283564814814