0 0.556640625 0.08508391203703704 0.125 0.17016782407407408
1 0.6298828125 0.6056857638888888 0.166015625 0.30591724537037024
0 0.2119140625 0.04431423611111111 0.095703125 0.08862847222222223
0 0.943359375 0.32504340277777777 0.11328125 0.20396412037037037
1 0.783203125 0.26080005787037036 0.12109375 0.1844907407407408
1 0.900390625 0.1573929398148148 0.103515625 0.1667824074074074
1 0.7900390625 0.1103587962962963 0.115234375 0.14929108796296298
1 0.6103515625 0.2298538773148148 0.119140625 0.17861689814814813
1 0.6787109375 0.10630063657407407 0.12109375 0.17472511574074073
1 0.1455078125 0.06508969907407408 0.107421875 0.13017939814814816
1 0.2900390625 0.07236689814814815 0.107421875 0.1447337962962963
1 0.3486328125 0.5706597222222223 0.19921875 0.3256944444444443
1 0.2275390625 0.38015046296296295 0.146484375 0.2647569444444444
1 0.080078125 0.3695240162037037 0.16015625 0.27462384259259265
0 0.7138671875 0.7583839699074074 0.16015625 0.26876446759259265
0 0.8193359375 0.48514178240740746 0.150390625 0.26869212962962963
0 0.513671875 0.2842809606481481 0.15234375 0.27065972222222223
0 0.693359375 0.39623119212962965 0.162109375 0.26877893518518525
0 0.1748046875 0.7477285879629629 0.234375 0.40407986111111116