0 0.7890625 0.037109375 0.03125 0.07421875
0 0.5576171875 0.0615234375 0.046875 0.0947265625
0 0.4013671875 0.0322265625 0.03125 0.0537109375
0 0.4560546875 0.052734375 0.03515625 0.0654296875
0 0.26171875 0.078125 0.0537109375 0.1328125
0 0.23046875 0.1240234375 0.0546875 0.142578125
0 0.1689453125 0.5830078125 0.12109375 0.2607421875
0 0.3408203125 0.4765625 0.083984375 0.2177734375
0 0.41796875 0.287109375 0.0771484375 0.17578125
0 0.5419921875 0.236328125 0.068359375 0.16796875
0 0.568359375 0.38671875 0.08203125 0.1875
0 0.654296875 0.2216796875 0.0771484375 0.169921875
0 0.8134765625 0.134765625 0.05078125 0.126953125
0 0.8544921875 0.044921875 0.0478515625 0.0771484375
1 0.748046875 0.119140625 0.0439453125 0.1005859375