0 0.8314670138888889 0.08899016203703704 0.04105902777777781 0.07727141203703705
0 0.5992476851851851 0.08600983796296297 0.05975115740740744 0.09927662037037038
0 0.4427734375 0.039445891203703703 0.037890624999999956 0.05377604166666666
0 0.49775028935185184 0.06545138888888889 0.04456018518518512 0.06957465277777777
0 0.3030960648148148 0.07235966435185186 0.07103587962962965 0.12886284722222222
0 0.2699146412037037 0.10940393518518518 0.07400173611111116 0.1484519675925926
0 0.19179687499999998 0.5585431134259259 0.15655381944444446 0.27375578703703707
0 0.3677517361111111 0.4730758101851852 0.11516203703703698 0.22767650462962963
0 0.45110677083333334 0.29418402777777775 0.10121527777777783 0.18436053240740735
0 0.5769603587962964 0.257935474537037 0.09104456018518503 0.1762586805555556
0 0.5985315393518519 0.4106843171296296 0.10768229166666665 0.1962528935185186
0 0.6899884259259259 0.2564091435185185 0.10091145833333348 0.17850115740740746
0 0.8522063078703703 0.1880859375 0.06928530092592577 0.13271122685185183
0 0.8965784143518518 0.10359519675925925 0.05883969907407405 0.08169849537037036
1 0.7876663773148148 0.16569733796296296 0.058101851851851904 0.10507812500000002