0 0.7971860532407408 0.10101996527777778 0.03375289351851851 0.07667824074074073
0 0.5658926504629629 0.10438368055555557 0.049537037037036935 0.09932002314814817
0 0.4094039351851852 0.06058304398148148 0.03165509259259258 0.057002314814814825
0 0.4642505787037037 0.08611834490740741 0.037601273148148096 0.06915509259259259
0 0.2700810185185185 0.09418402777777779 0.0576244212962963 0.13700810185185186
0 0.23818721064814816 0.13671875 0.05769675925925927 0.14677372685185186
0 0.1722439236111111 0.5895905671296297 0.126953125 0.2729311342592593
0 0.3443287037037037 0.49887876157407407 0.08951099537037033 0.22526041666666674
0 0.42399450231481484 0.3173828125 0.08139467592592586 0.18366608796296302
0 0.5486328125 0.27781394675925924 0.07157118055555545 0.17513020833333337
0 0.5731843171296296 0.42994068287037035 0.08734085648148149 0.1958188657407407
0 0.6608434606481481 0.2734375 0.08135127314814827 0.17780671296296302
0 0.8203776041666666 0.20131655092592593 0.0536747685185186 0.130859375
0 0.8626808449074074 0.11465567129629631 0.04940682870370372 0.08174189814814814
1 0.7557942708333334 0.17896412037037038 0.04567418981481497 0.10489004629629628