0 0.8741319444444444 0.146484375 0.05034722222222232 0.08020833333333333
0 0.6437717013888888 0.11178385416666667 0.07092013888888893 0.1045138888888889
0 0.49984809027777777 0.04765625 0.043272569444444464 0.052604166666666674
0 0.5474175347222223 0.07814670138888888 0.05203993055555545 0.0744357638888889
0 0.3521050347222222 0.06946614583333333 0.08485243055555558 0.11098090277777778
0 0.3110677083333333 0.09014756944444445 0.09066840277777777 0.1541232638888889
0 0.13639322916666666 0.5197699652777777 0.18428819444444444 0.286935763888889
0 0.3298611111111111 0.45987413194444443 0.1371961805555556 0.23611111111111105
0 0.4516710069444445 0.2950303819444444 0.1196614583333333 0.1924479166666666
0 0.5845486111111111 0.2774522569444444 0.10946180555555562 0.18224826388888893
0 0.5728949652777777 0.4295789930555556 0.12808159722222223 0.20646701388888888
0 0.6974392361111111 0.29127604166666665 0.11940104166666665 0.1865885416666666
0 0.8735677083333333 0.2472439236111111 0.08216145833333321 0.13815104166666664
0 0.9356770833333333 0.17074652777777777 0.06631944444444438 0.08871527777777777
1 0.8143229166666667 0.21525607638888888 0.06922743055555558 0.11028645833333339