0 0.8815104166666667 0.1273799189814815 0.0498408564814814 0.08077256944444444
0 0.6511140046296297 0.09563078703703703 0.07024016203703698 0.1044994212962963
0 0.5068721064814815 0.03291377314814815 0.04484953703703698 0.05141782407407407
0 0.555591724537037 0.06294849537037037 0.05150462962962976 0.07298900462962965
0 0.359375 0.05808738425925926 0.0859375 0.10668402777777777
0 0.31951678240740744 0.07899305555555555 0.09143518518518512 0.14971064814814816
0 0.1404079861111111 0.5091941550925926 0.18619791666666669 0.28385416666666674
0 0.33423755787037035 0.44660011574074077 0.13939525462962954 0.2324074074074074
0 0.4576099537037037 0.2813440393518518 0.12225115740740744 0.19116030092592595
0 0.5912181712962963 0.2618272569444444 0.11017071759259256 0.18122106481481481
0 0.5767867476851851 0.4140407986111111 0.13049768518518512 0.20299479166666679
0 0.703125 0.2742332175925926 0.1200810185185186 0.18527199074074074
0 0.8797381365740741 0.22799479166666667 0.08311631944444442 0.13592303240740738
0 0.9431785300925926 0.15076678240740743 0.06763599537037024 0.0868923611111111
1 0.8203125 0.1968243634259259 0.07038483796296302 0.1084056712962963