0 0.7373914930555555 0.21733217592592594 0.04466145833333335 0.08446180555555555
0 0.8949218750000001 0.15734953703703705 0.06371527777777786 0.11870659722222221
0 0.8508029513888888 0.1638599537037037 0.06380208333333348 0.12065972222222221
0 0.7773654513888888 0.15067997685185186 0.07604166666666679 0.13307291666666665
0 0.6721137152777779 0.15204716435185187 0.06432291666666679 0.1323784722222222
0 0.6203559027777777 0.15511429398148147 0.07230902777777781 0.1367476851851852
0 0.4858506944444444 0.11341145833333334 0.09101562500000004 0.16317997685185184
0 0.37419704861111114 0.10541811342592593 0.1040364583333333 0.19317129629629629
0 0.3441623263888889 0.29907407407407405 0.06558159722222223 0.11686921296296293
0 0.23667534722222222 0.32881944444444444 0.0732204861111111 0.11342592592592593
0 0.013433159722222223 0.286009837962963 0.026866319444444446 0.11548032407407405
0 0.0866970486111111 0.13122106481481483 0.11158854166666665 0.18777488425925926