0 0.7350766782407407 0.29388020833333334 0.04613715277777786 0.08502604166666672
0 0.8865089699074074 0.24251302083333331 0.06618923611111116 0.12148437499999998
0 0.8426649305555556 0.24641927083333334 0.06817129629629637 0.12356770833333336
0 0.7672815393518518 0.2287109375 0.0800636574074074 0.13606770833333337
0 0.6618561921296297 0.224609375 0.0683449074074074 0.1352864583333333
0 0.6091652199074074 0.2240234375 0.0762442129629628 0.14166666666666666
0 0.46892361111111114 0.17467447916666667 0.09810474537037028 0.1684895833333333
0 0.35651765046296297 0.1603515625 0.11025752314814818 0.19856770833333337
0 0.3515842013888889 0.35416666666666663 0.06811342592592595 0.1196614583333333
0 0.24656394675925924 0.3774088541666667 0.07586805555555554 0.11627604166666661
0 0.01846064814814815 0.32415364583333334 0.029050925925925924 0.11705729166666667
0 0.07081886574074074 0.17057291666666669 0.11603009259259259 0.19309895833333335