0 0.7724609375 0.2890625 0.0322265625 0.078125
0 0.9326171875 0.2548828125 0.046875 0.1103515625
0 0.888671875 0.25390625 0.046875 0.1123046875
0 0.81640625 0.228515625 0.0576171875 0.123046875
0 0.7119140625 0.212890625 0.0458984375 0.125
0 0.66015625 0.20703125 0.052734375 0.12890625
0 0.529296875 0.1435546875 0.0693359375 0.15234375
0 0.419921875 0.1171875 0.078125 0.1796875
0 0.3779296875 0.306640625 0.048828125 0.1083984375
0 0.26953125 0.318359375 0.0576171875 0.103515625
0 0.029296875 0.2373046875 0.0537109375 0.1083984375
0 0.1328125 0.095703125 0.0849609375 0.173828125