0 0.5817563657407407 0.2493995949074074 0.04223090277777786 0.08233506944444441
1 0.4530092592592593 0.2591869212962963 0.023987268518518512 0.03728298611111114
1 0.018598090277777778 0.2667100694444444 0.012008101851851853 0.019618055555555625
1 0.2735243055555555 0.2715277777777778 0.008159722222222276 0.023495370370370416
1 0.6495298032407407 0.2762659143518519 0.01005497685185186 0.01960358796296302
0 0.6807942708333334 0.2774739583333333 0.04199942129629619 0.06671006944444446
0 0.33611111111111114 0.2778501157407407 0.04817708333333326 0.08823784722222228
1 0.1955150462962963 0.2787615740740741 0.008043981481481444 0.015682870370370416
1 0.15454282407407408 0.28138744212962963 0.016087962962962943 0.03136574074074072
0 0.17994791666666665 0.28255208333333337 0.007986111111111138 0.011776620370370416
0 0.6233362268518519 0.28778935185185184 0.008072916666666652 0.017635995370370416
1 0.2601128472222222 0.28900462962962964 0.024074074074074026 0.04314236111111114
0 0.4945746527777778 0.29660011574074074 0.012268518518518512 0.037196180555555514
1 0.7271701388888889 0.3100405092592593 0.03240740740740744 0.07835648148148144
0 0.44320746527777777 0.45440538194444446 0.0459056712962963 0.06673900462962967
0 0.8670862268518519 0.1314091435185185 0.0883969907407407 0.16665219907407408