0 0.6033564814814816 0.2529296875 0.050072337962963065 0.083984375
1 0.47443576388888886 0.251953125 0.02792245370370372 0.0390625
1 0.040451388888888884 0.2255859375 0.01399016203703704 0.021484375
1 0.29374276620370365 0.25 0.012065972222222276 0.0234375
1 0.6692635995370371 0.28515625 0.012037037037037068 0.021484375
0 0.7005714699074075 0.2890625 0.04791666666666661 0.0703125
0 0.3564163773148148 0.26171875 0.056047453703703676 0.091796875
1 0.2156322337962963 0.2509765625 0.008043981481481444 0.015625
1 0.17461660879629629 0.2509765625 0.01807002314814815 0.033203125
0 0.20005063657407407 0.25390625 0.007986111111111138 0.01171875
0 0.6420500578703704 0.2939453125 0.010026041666666652 0.017578125
1 0.2793402777777778 0.2666015625 0.026056134259259345 0.044921875
0 0.5131293402777778 0.29296875 0.016174768518518512 0.037109375
1 0.7440755208333334 0.3251953125 0.03832465277777786 0.08203125
0 0.44801793981481486 0.4462890625 0.05182291666666661 0.0703125
0 0.898828125 0.158203125 0.10215567129629632 0.171875