0 0.578125 0.2451171875 0.041015625 0.0810546875
1 0.44921875 0.255859375 0.0244140625 0.037109375
1 0.0146484375 0.2666015625 0.01171875 0.0205078125
1 0.26953125 0.26953125 0.0087890625 0.0234375
1 0.6455078125 0.271484375 0.009765625 0.0205078125
0 0.6767578125 0.2724609375 0.041015625 0.0673828125
0 0.33203125 0.275390625 0.0478515625 0.087890625
1 0.19140625 0.27734375 0.0068359375 0.0146484375
1 0.150390625 0.2802734375 0.015625 0.0322265625
0 0.17578125 0.28125 0.0068359375 0.0107421875
0 0.619140625 0.283203125 0.0087890625 0.017578125
1 0.255859375 0.287109375 0.0224609375 0.0439453125
0 0.490234375 0.29296875 0.0126953125 0.037109375
1 0.72265625 0.3046875 0.0302734375 0.0791015625
0 0.4365234375 0.451171875 0.044921875 0.06640625
0 0.865234375 0.125 0.0849609375 0.166015625