0 0.3061197916666667 0.3496021412037037 0.03307291666666656 0.05707465277777779
0 0.0095703125 0.3235894097222222 0.019140625 0.07855902777777779
0 0.4255859375 0.37581018518518516 0.027473958333333326 0.060894097222222276
0 0.02880859375 0.41086516203703705 0.0576171875 0.1181712962962963
0 0.1005859375 0.3533998842592593 0.03346354166666665 0.06293402777777779
0 0.24895833333333334 0.3272497106481481 0.03580729166666663 0.06882233796296289
0 0.3003255208333333 0.4511791087962963 0.07526041666666661 0.1337962962962962
0 0.0458984375 0.5079933449074074 0.091796875 0.13603877314814805
0 0.17591145833333333 0.39654947916666666 0.11848958333333337 0.19687500000000002
0 0.6143880208333333 0.41770833333333335 0.04648437499999991 0.08263888888888893
0 0.64609375 0.49931278935185186 0.0776041666666667 0.1396846064814814
0 0.548046875 0.4743995949074074 0.07695312500000018 0.1299189814814815
0 0.3706380208333333 0.4228949652777778 0.08815104166666665 0.18081597222222223
0 0.4185546875 0.598582175925926 0.12408854166666661 0.22232349537037033
0 0.8853515625 0.7228009259259258 0.10221354166666674 0.27468171296296306
0 0.80859375 0.613158275462963 0.22200520833333326 0.4325520833333334