0 0.2787760416666667 0.38450520833333335 0.03819444444444442 0.05885416666666665
0 0.4019748263888889 0.38066406249999996 0.034490740740740766 0.06273148148148144
0 0.027365451388888885 0.5124059606481481 0.05473090277777777 0.12362557870370372
0 0.07779947916666666 0.4387080439814815 0.038498263888888884 0.06471354166666665
0 0.21760706018518516 0.378125 0.04270833333333335 0.07060185185185186
0 0.2970992476851852 0.4829644097222222 0.08716724537037035 0.13731192129629632
0 0.05962818287037036 0.6008897569444445 0.10895543981481481 0.14333043981481475
0 0.16252170138888888 0.4615089699074074 0.13758680555555558 0.2060185185185186
0 0.5975405092592593 0.37433449074074077 0.05523726851851851 0.08631365740740748
0 0.6485821759259258 0.44424189814814813 0.0913773148148147 0.14320023148148142
0 0.5460431134259259 0.44500144675925923 0.08901909722222223 0.13537326388888893
0 0.35987413194444445 0.43954716435185187 0.10532407407407407 0.18625578703703705
0 0.44845196759259265 0.5950810185185185 0.14476273148148144 0.2314525462962962
0 0.9236834490740741 0.5983940972222221 0.10422453703703694 0.27800925925925934
0 0.8353660300925926 0.5131438078703703 0.2652777777777777 0.4471064814814816