1 0.2894314236111111 0.38990885416666665 0.13320312499999998 0.23216145833333335
1 0.5959201388888888 0.11030815972222222 0.09848090277777777 0.1531105324074074
0 0.8294921875 0.7794415509259259 0.28155381944444446 0.41015625
0 0.6413411458333333 0.3642505787037037 0.17287326388888902 0.33476562499999996
0 0.9279079861111111 0.34165219907407407 0.14418402777777772 0.26588541666666665
0 0.8446831597222222 0.11182725694444444 0.11514756944444438 0.17701099537037038
0 0.7607638888888888 0.3521846064814815 0.14748263888888902 0.24623842592592593
0 0.5384331597222223 0.37485532407407407 0.22582465277777786 0.3850983796296297
0 0.43389756944444446 0.5024450231481481 0.1792100694444445 0.3017939814814814
0 0.308203125 0.6147786458333333 0.20703125 0.35723379629629637
0 0.16983506944444446 0.7451461226851852 0.2921875 0.5097077546296296