1 0.30926649305555554 0.3072699652777778 0.12335069444444446 0.22907986111111112
1 0.7132595486111111 0.1295138888888889 0.09058159722222214 0.15030381944444443
0 0.6588541666666667 0.804861111111111 0.26206597222222205 0.3648437499999999
0 0.65234375 0.3806206597222222 0.1571614583333334 0.33129340277777775
0 0.9249131944444444 0.4379774305555556 0.12083333333333335 0.2602430555555555
0 0.9455729166666667 0.19264322916666665 0.09809027777777768 0.1875434027777778
0 0.7694661458333334 0.4014322916666666 0.13754340277777777 0.24110243055555558
0 0.5507595486111111 0.3614149305555555 0.2080729166666666 0.3792534722222223
0 0.4003689236111111 0.4525607638888889 0.16536458333333326 0.2963541666666667
0 0.23428819444444443 0.5235677083333333 0.19123263888888886 0.3515625
0 0.0906032986111111 0.6149956597222223 0.1812065972222222 0.5161024305555555