1 0.298828125 0.3408203125 0.0830078125 0.216796875
1 0.66796875 0.1181640625 0.0654296875 0.140625
0 0.7412109375 0.8076171875 0.197265625 0.37109375
0 0.6533203125 0.373046875 0.099609375 0.31640625
0 0.9453125 0.3974609375 0.095703125 0.2470703125
0 0.916015625 0.1533203125 0.076171875 0.17578125
0 0.7744140625 0.3798828125 0.095703125 0.2275390625
0 0.548828125 0.3662109375 0.1435546875 0.3583984375
0 0.416015625 0.4736328125 0.1142578125 0.279296875
0 0.2646484375 0.5625 0.1298828125 0.33203125
0 0.095703125 0.67578125 0.1787109375 0.4921875