0 0.5654296875 0.2841796875 0.0517578125 0.087890625
1 0.193359375 0.39453125 0.05078125 0.0888671875
1 0.619140625 0.466796875 0.0517578125 0.0927734375
1 0.435546875 0.5546875 0.0546875 0.087890625
1 0.1064453125 0.3095703125 0.04296875 0.0869140625
0 0.4150390625 0.2216796875 0.033203125 0.0634765625
0 0.80078125 0.2548828125 0.0732421875 0.1611328125
1 0.271484375 0.3818359375 0.0390625 0.07421875
1 0.3369140625 0.267578125 0.03515625 0.0654296875
1 0.2880859375 0.236328125 0.037109375 0.048828125
1 0.638671875 0.265625 0.029296875 0.048828125
1 0.984375 0.4091796875 0.0302734375 0.078125
1 0.830078125 0.2080078125 0.02734375 0.0625
1 0.8125 0.4306640625 0.056640625 0.09375