0 0.5605251736111111 0.2521629050925926 0.058680555555555625 0.09308449074074077
1 0.18020833333333333 0.3720992476851852 0.05868055555555557 0.09308449074074066
1 0.5991970486111111 0.4339554398148148 0.05885416666666665 0.09699074074074077
1 0.40902777777777777 0.5270399305555555 0.06258680555555562 0.09331597222222232
1 0.10013020833333333 0.289185474537037 0.05078125 0.09066840277777777
0 0.4150824652777778 0.1935763888888889 0.03802083333333339 0.06653645833333333
0 0.7977647569444444 0.21765046296296298 0.0854166666666667 0.16869212962962965
1 0.2587673611111111 0.35770399305555556 0.044401041666666696 0.0786024305555556
1 0.33309461805555557 0.24129050925925927 0.040060763888888906 0.06860532407407405
1 0.2876519097222222 0.21184172453703703 0.041319444444444464 0.053096064814814825
1 0.6344618055555555 0.2321976273148148 0.033506944444444464 0.05263310185185188
1 0.9664713541666667 0.36641348379629635 0.032855902777777946 0.08181423611111116
1 0.830078125 0.16995804398148148 0.03207465277777777 0.0642361111111111
1 0.7948350694444444 0.3931423611111111 0.06480034722222205 0.09929108796296293