0 0.0263671875 0.1830078125 0.052734375 0.149609375
0 0.5947265625 0.8559244791666667 0.140625 0.25507812500000004
0 0.29296875 0.12337239583333333 0.091796875 0.15438368055555554
0 0.66796875 0.2849609375 0.150390625 0.2572482638888889
0 0.8857421875 0.16098090277777777 0.060546875 0.10095486111111113
1 0.3701171875 0.5337673611111111 0.109375 0.2270399305555555
0 0.5576171875 0.27081163194444446 0.140625 0.21406250000000004
0 0.0595703125 0.3424262152777778 0.08203125 0.17565104166666667
1 0.9443359375 0.7446397569444445 0.111328125 0.2055989583333333
0 0.1865234375 0.34546440972222225 0.08984375 0.1348090277777778
0 0.150390625 0.8101345486111111 0.15625 0.2612847222222223
0 0.8251953125 0.2492404513888889 0.076171875 0.19309895833333335
0 0.474609375 0.09296875 0.048828125 0.08506944444444445
0 0.5537109375 0.1498046875 0.060546875 0.08337673611111113
0 0.2353515625 0.19691840277777778 0.068359375 0.09331597222222221