0 0.032204861111111115 0.1750144675925926 0.05989583333333333 0.14690393518518519
0 0.6082248263888889 0.8749746817129629 0.14227430555555554 0.2500506365740742
0 0.3026041666666667 0.12819733796296295 0.0932291666666667 0.15300925925925923
0 0.6776258680555556 0.30770399305555557 0.15208333333333335 0.2530381944444444
0 0.8957682291666667 0.1941044560185185 0.06076388888888884 0.09809027777777779
1 0.38111979166666665 0.541796875 0.11041666666666661 0.22343750000000018
0 0.5678385416666667 0.28833912037037035 0.14331597222222214 0.21001157407407411
0 0.06996527777777778 0.33640046296296294 0.08394097222222222 0.17442129629629632
1 0.9498697916666667 0.7813946759259259 0.10026041666666652 0.20202546296296298
0 0.19711371527777777 0.3461299189814815 0.0907986111111111 0.13151041666666663
0 0.16247829861111113 0.8086877893518518 0.15802951388888886 0.25698784722222223
0 0.8351779513888888 0.27957899305555556 0.07847222222222205 0.1919560185185185
0 0.48470052083333337 0.10611255787037038 0.048741319444444375 0.08433159722222222
0 0.5631944444444444 0.1672309027777778 0.06236979166666656 0.0824797453703704
0 0.24561631944444445 0.2000289351851852 0.06840277777777781 0.09033564814814815