0 0.046875 0.142578125 0.0576171875 0.1435546875
0 0.5625 0.8759765625 0.119140625 0.2421875
0 0.326171875 0.11328125 0.0791015625 0.146484375
0 0.6845703125 0.3154296875 0.1298828125 0.2431640625
0 0.912109375 0.2158203125 0.0517578125 0.0947265625
1 0.3671875 0.5302734375 0.0908203125 0.216796875
0 0.576171875 0.2890625 0.1240234375 0.201171875
0 0.0751953125 0.3056640625 0.068359375 0.1689453125
1 0.9296875 0.8056640625 0.1171875 0.1943359375
0 0.201171875 0.3232421875 0.080078125 0.1259765625
0 0.1240234375 0.7822265625 0.1357421875 0.2470703125
0 0.84375 0.296875 0.060546875 0.1875
0 0.509765625 0.1025390625 0.0419921875 0.0810546875
0 0.5830078125 0.16796875 0.0546875 0.078125
0 0.2626953125 0.1806640625 0.060546875 0.0859375