0 0.605541087962963 0.30399305555555556 0.0653935185185186 0.09309895833333337
1 0.23137297453703703 0.3726996527777778 0.06553819444444442 0.09505208333333337
1 0.6564670138888888 0.4913411458333333 0.06778067129629628 0.09900173611111107
1 0.4713179976851852 0.5583984375 0.06929976851851849 0.09318576388888888
1 0.14547164351851852 0.27914496527777777 0.057436342592592615 0.09097222222222223
0 0.4554398148148148 0.2255859375 0.04398148148148151 0.06727430555555558
0 0.8421947337962963 0.30047743055555554 0.10018807870370372 0.16796875
1 0.3090639467592593 0.3685763888888889 0.05070891203703698 0.0791232638888889
1 0.37622974537037035 0.2618489583333333 0.04607928240740744 0.06927083333333339
1 0.3277271412037037 0.22567274305555557 0.044921875 0.05364583333333328
1 0.6788194444444444 0.2929470486111111 0.03696469907407396 0.05151909722222214
1 0.872142650462963 0.2572699652777778 0.03797743055555536 0.06519097222222214
1 0.8513093171296297 0.476171875 0.07168692129629628 0.0990885416666667