1 0.17826244212962963 0.2169921875 0.04793113425925927 0.1025607638888889
0 0.050397858796296297 0.43483072916666665 0.10079571759259259 0.1587239583333333
0 0.527220775462963 0.18077256944444445 0.045225694444444464 0.0771267361111111
0 0.8705005787037037 0.23726128472222224 0.08943865740740753 0.2518229166666667
0 0.700904224537037 0.4533637152777778 0.05999710648148149 0.11453993055555556
0 0.30454282407407407 0.2754991319444445 0.04574652777777777 0.0947048611111111
0 0.35857928240740744 0.23272569444444444 0.029137731481481577 0.06115451388888887
0 0.2697410300925926 0.22977430555555556 0.021325231481481466 0.06098090277777779
0 0.421484375 0.7481336805555555 0.13019386574074066 0.11219618055555558
0 0.6105541087962962 0.27057291666666666 0.03959780092592613 0.08480902777777777
0 0.6661241319444444 0.17604166666666665 0.04822048611111107 0.1123263888888889
0 0.40047019675925927 0.30303819444444446 0.03373842592592591 0.08467881944444444
1 0.8054325810185186 0.28956163194444445 0.05941840277777777 0.09500868055555556