0 0.4736328125 0.2802734375 0.0419921875 0.09375
0 0.388671875 0.328125 0.03515625 0.080078125
0 0.6025390625 0.3427734375 0.0341796875 0.0712890625
0 0.1806640625 0.2861328125 0.01953125 0.0341796875
1 0.3408203125 0.2900390625 0.0244140625 0.0478515625
0 0.54296875 0.3076171875 0.044921875 0.078125
0 0.7294921875 0.3564453125 0.041015625 0.080078125
1 0.2822265625 0.298828125 0.03125 0.0517578125
1 0.9169921875 0.3017578125 0.03125 0.0654296875
1 0.2509765625 0.3125 0.015625 0.0322265625
1 0.4931640625 0.3017578125 0.01953125 0.0517578125
1 0.576171875 0.3388671875 0.0166015625 0.0400390625
1 0.767578125 0.3388671875 0.0185546875 0.0830078125
1 0.79296875 0.2841796875 0.0185546875 0.0625
1 0.06640625 0.2353515625 0.0234375 0.0537109375
1 0.9677734375 0.501953125 0.033203125 0.1025390625