0 0.5283203125 0.7451171875 0.0703125 0.0927734375
0 0.0439453125 0.34375 0.060546875 0.099609375
0 0.578125 0.8212890625 0.0732421875 0.1123046875
0 0.7783203125 0.2626953125 0.0654296875 0.095703125
0 0.27734375 0.4619140625 0.1171875 0.1845703125
0 0.9365234375 0.3447265625 0.0693359375 0.0830078125
0 0.857421875 0.0830078125 0.0556640625 0.0712890625
0 0.50390625 0.421875 0.0615234375 0.09375
0 0.677734375 0.2666015625 0.0625 0.0859375
0 0.3681640625 0.921875 0.0703125 0.1171875
0 0.48828125 0.263671875 0.0693359375 0.0830078125
0 0.2900390625 0.064453125 0.068359375 0.0966796875
1 0.046875 0.041015625 0.060546875 0.0791015625
0 0.6591796875 0.490234375 0.056640625 0.0732421875
0 0.244140625 0.2587890625 0.056640625 0.091796875
0 0.142578125 0.7041015625 0.05859375 0.1083984375
1 0.06640625 0.4794921875 0.056640625 0.0751953125
0 0.85546875 0.19140625 0.0576171875 0.0693359375
0 0.9677734375 0.6337890625 0.064453125 0.091796875
0 0.095703125 0.7763671875 0.078125 0.1279296875
0 0.0244140625 0.8759765625 0.0478515625 0.130859375
0 0.4970703125 0.12890625 0.0625 0.0751953125
1 0.10546875 0.0146484375 0.04296875 0.029296875