1 0.15816695601851852 0.22719907407407408 0.05635127314814814 0.10228587962962965
0 0.0419921875 0.45004340277777777 0.083984375 0.16180555555555554
0 0.5080656828703703 0.17567997685185183 0.05070891203703698 0.07879050925925923
0 0.8519965277777778 0.2179253472222222 0.10850694444444442 0.2532841435185185
0 0.6800130208333333 0.44121093749999996 0.06908275462962976 0.11613136574074079
0 0.2842881944444444 0.2799045138888889 0.05396412037037046 0.09639756944444444
0 0.3384693287037037 0.23475839120370368 0.03378182870370372 0.06098090277777779
0 0.2494574652777778 0.23539496527777776 0.02596932870370372 0.06086516203703707
0 0.39633969907407407 0.7469184027777778 0.13925057870370372 0.1152199074074074
0 0.5906394675925926 0.26195746527777775 0.04723668981481488 0.08459201388888893
0 0.6476779513888888 0.1650390625 0.05721932870370372 0.11400462962962965
0 0.3793764467592593 0.3028211805555555 0.04137731481481488 0.0845052083333333
1 0.7863498263888888 0.2726779513888889 0.06568287037037024 0.09657118055555558