1 0.2001953125 0.197265625 0.0400390625 0.0986328125
0 0.0556640625 0.41015625 0.111328125 0.150390625
0 0.5498046875 0.1708984375 0.0390625 0.0751953125
0 0.8916015625 0.23828125 0.0693359375 0.2470703125
0 0.716796875 0.44921875 0.0517578125 0.111328125
0 0.3251953125 0.2587890625 0.0380859375 0.091796875
0 0.3798828125 0.2177734375 0.0244140625 0.0595703125
0 0.291015625 0.2119140625 0.015625 0.0595703125
0 0.4306640625 0.7353515625 0.1220703125 0.103515625
0 0.630859375 0.263671875 0.033203125 0.08203125
0 0.6884765625 0.1708984375 0.0390625 0.109375
0 0.419921875 0.2890625 0.02734375 0.08203125
1 0.8251953125 0.2880859375 0.0517578125 0.091796875