0 0.4340205439814815 0.7486183449074074 0.09531250000000002 0.10613425925925934
0 0.0781105324074074 0.24578993055555554 0.08780381944444443 0.11193576388888893
0 0.460814525462963 0.834787326388889 0.10218460648148153 0.12570891203703694
0 0.8070529513888889 0.33716001157407405 0.09150752314814814 0.10805844907407414
0 0.27057291666666666 0.41524884259259254 0.1669849537037037 0.20818865740740744
0 0.9348668981481482 0.45338541666666665 0.08894675925925921 0.09632523148148153
0 0.9333695023148147 0.18080873842592593 0.07456597222222205 0.0825520833333333
0 0.4994574652777778 0.4286675347222222 0.08554687499999991 0.10606192129629632
0 0.7093822337962963 0.31787471064814815 0.08514178240740744 0.09824942129629632
0 0.2306423611111111 0.8838831018518518 0.10248842592592594 0.13156828703703694
0 0.5281177662037038 0.2715928819444444 0.09089988425925943 0.09633969907407414
0 0.39142795138888886 0.0439308449074074 0.09214409722222228 0.08268229166666667
0 0.629933449074074 0.5312355324074074 0.0766203703703705 0.08451967592592591
0 0.2939525462962963 0.20928819444444446 0.08143807870370368 0.10212673611111112
0 0.07341579861111111 0.6189453125 0.08820891203703704 0.11974826388888893
1 0.06218171296296296 0.3834201388888889 0.07672164351851851 0.08647280092592591
0 0.9015335648148148 0.28608217592592594 0.07641782407407405 0.08061342592592591
0 0.8876519097222222 0.7422092013888889 0.0893518518518519 0.10413773148148153
0 0.03210358796296296 0.6790653935185185 0.06420717592592592 0.14328703703703694
0 0.5739149305555555 0.14199942129629628 0.08268229166666652 0.08846932870370372