0 0.4859664351851852 0.7672092013888889 0.08130787037037035 0.09900173611111107
0 0.02294921875 0.3697699652777778 0.0458984375 0.1064670138888889
0 0.534252025462963 0.8428385416666666 0.08666087962962976 0.11870659722222232
0 0.7472511574074074 0.28207465277777777 0.07769097222222232 0.10273437500000004
0 0.24030671296296297 0.4858723958333333 0.1411313657407407 0.19704861111111116
0 0.9038628472222222 0.36349826388888884 0.0805844907407407 0.08923611111111107
0 0.8301866319444444 0.1015625 0.06409143518518512 0.07682291666666669
0 0.46875 0.44409722222222225 0.07364004629629628 0.1006076388888888
0 0.6459418402777778 0.28736979166666665 0.07306134259259256 0.0927951388888889
0 0.3219039351851852 0.9414279513888889 0.08514178240740744 0.11714409722222219
0 0.45598234953703703 0.2857855902777778 0.0805844907407407 0.08923611111111107
0 0.2619357638888889 0.08806423611111111 0.08159722222222221 0.10290798611111113
1 0.026475694444444444 0.06566840277777777 0.05295138888888889 0.08446180555555555
0 0.6225405092592593 0.5106987847222222 0.06618923611111116 0.07886284722222214
0 0.21126302083333331 0.2827473958333333 0.06749131944444442 0.09644097222222214
0 0.0997902199074074 0.7294704861111111 0.07269965277777776 0.11419270833333339
1 0.031195746527777776 0.5049045138888889 0.06239149305555555 0.08081597222222214
0 0.8260633680555556 0.2101345486111111 0.0658998842592593 0.0749565972222222
0 0.9246600115740741 0.6514973958333333 0.06763599537037046 0.09839409722222214
0 0.05132378472222221 0.8017795138888888 0.09382233796296297 0.13654513888888875
0 0.005244502314814811 0.9023871527777778 0.010489004629629622 0.1352430555555557
0 0.46791811342592593 0.15110677083333335 0.07219328703703698 0.0810763888888889
1 0.07837818287037038 0.03973524305555556 0.047236689814814825 0.03324652777777777