0 0.49339554398148144 0.29379340277777777 0.05024594907407409 0.0971498842592593
0 0.40611255787037037 0.33220486111111114 0.042230902777777746 0.08324652777777786
0 0.6184751157407408 0.3687572337962963 0.040162037037037024 0.07537615740740744
0 0.2002097800925926 0.2704644097222222 0.022005208333333304 0.03579282407407414
1 0.35960648148148144 0.2898292824074074 0.02806712962962954 0.049638310185185164
0 0.561255787037037 0.3280164930555556 0.05199652777777786 0.08353587962962972
0 0.7447844328703703 0.3949508101851852 0.04809027777777786 0.08342013888888888
1 0.30108506944444446 0.2929759837962963 0.035966435185185164 0.05572916666666661
1 0.9345920138888888 0.3586009837962963 0.0361689814814814 0.06940104166666672
1 0.2690321180555556 0.3037398726851852 0.018070023148148096 0.033723958333333304
1 0.5113064236111111 0.3167751736111111 0.024218749999999956 0.05342881944444444
1 0.5920211226851853 0.36211660879629626 0.02013888888888893 0.04159432870370372
1 0.7836299189814815 0.38145978009259257 0.024681712962963065 0.08467881944444444
1 0.8121310763888889 0.32861689814814815 0.024392361111110983 0.06514756944444444
1 0.08899016203703704 0.2086009837962963 0.02815393518518519 0.055497685185185164
1 0.9747106481481482 0.5628255208333333 0.04257812499999991 0.10668402777777786