0 0.49294704861111105 0.30041232638888893 0.0522280092592593 0.09991319444444446
0 0.4025245949074074 0.3354817708333333 0.044212962962962954 0.08589409722222219
0 0.6129123263888889 0.3819661458333333 0.042115162037037024 0.07604166666666667
0 0.20131655092592593 0.26302083333333337 0.023958333333333304 0.03619791666666661
1 0.35921585648148147 0.2905598958333333 0.030049189814814747 0.05208333333333326
0 0.5578559027777779 0.3384765625 0.05394965277777786 0.08437500000000009
0 0.7375217013888888 0.41388888888888886 0.050072337962963065 0.08615451388888884
1 0.3005787037037037 0.2908854166666667 0.037919560185185164 0.056336805555555536
1 0.9304108796296295 0.3882595486111111 0.0381221064814814 0.07000868055555554
1 0.2672309027777778 0.2991753472222222 0.020023148148148096 0.03407118055555558
1 0.5092013888888889 0.3245876736111111 0.026171874999999956 0.05386284722222223
1 0.587622974537037 0.3740017361111111 0.02209201388888893 0.041970486111111205
1 0.7777488425925927 0.4029730902777778 0.028587962962963065 0.08519965277777775
1 0.8087890625 0.3525607638888889 0.026345486111110983 0.06558159722222223
1 0.09384403935185186 0.19570312499999998 0.030135995370370372 0.05794270833333337
1 0.9566840277777777 0.5936631944444445 0.04453124999999991 0.10737847222222219