0 0.9453776041666666 0.3353515625 0.06739004629629619 0.1372395833333333
0 0.8264539930555554 0.35670572916666665 0.07323495370370381 0.1356770833333334
0 0.733470775462963 0.32220052083333334 0.06530671296296298 0.11953124999999998
0 0.6456524884259259 0.32610677083333334 0.061400462962962976 0.11927083333333333
0 0.5565248842592593 0.2850260416666667 0.057450810185185164 0.11315104166666667
0 0.4306495949074074 0.29029947916666665 0.06338252314814818 0.12330729166666665
0 0.32105758101851856 0.2537109375 0.05949074074074079 0.125
0 0.26121238425925924 0.21263020833333332 0.05360243055555558 0.12070312499999997
0 0.2199146412037037 0.3035807291666667 0.0634837962962963 0.13697916666666665
0 0.1271484375 0.29837239583333336 0.0654369212962963 0.13710937499999998
0 0.027488425925925923 0.28489583333333335 0.05179398148148148 0.1401041666666667