0 0.955078125 0.2958984375 0.060546875 0.12890625
0 0.833984375 0.3193359375 0.06640625 0.126953125
0 0.7431640625 0.2861328125 0.05859375 0.1123046875
0 0.654296875 0.291015625 0.0546875 0.11328125
0 0.5673828125 0.2509765625 0.05078125 0.107421875
0 0.44140625 0.2587890625 0.056640625 0.1162109375
0 0.333984375 0.2236328125 0.0517578125 0.1181640625
0 0.2763671875 0.18359375 0.0458984375 0.115234375
0 0.2294921875 0.2744140625 0.0556640625 0.130859375
0 0.13671875 0.2705078125 0.05859375 0.130859375
0 0.0322265625 0.259765625 0.0556640625 0.1337890625