0 0.9503761574074074 0.3115234375 0.0692997685185186 0.130859375
0 0.8275824652777778 0.3310546875 0.07508680555555558 0.12890625
0 0.7390769675925926 0.294921875 0.06676793981481488 0.115234375
0 0.6501374421296297 0.296875 0.06286168981481488 0.115234375
0 0.5667679398148149 0.25390625 0.05873842592592604 0.109375
0 0.44068287037037035 0.2568359375 0.06488715277777779 0.1171875
0 0.33568431712962965 0.2177734375 0.0610532407407407 0.119140625
0 0.2805989583333333 0.17578125 0.05512152777777779 0.1171875
0 0.22750289351851852 0.2646484375 0.06546585648148145 0.1328125
0 0.1349826388888889 0.2578125 0.06741898148148151 0.1328125
0 0.032389322916666664 0.2431640625 0.06477864583333333 0.134765625