0 0.2578125 0.2900390625 0.0625 0.1005859375
0 0.943359375 0.462890625 0.056640625 0.0849609375
0 0.9208984375 0.3564453125 0.04296875 0.078125
0 0.7587890625 0.42578125 0.0458984375 0.0751953125
0 0.9052734375 0.431640625 0.056640625 0.1025390625
0 0.7041015625 0.421875 0.056640625 0.1181640625
0 0.830078125 0.3203125 0.1328125 0.224609375
0 0.5009765625 0.1630859375 0.1123046875 0.2001953125
0 0.2509765625 0.3798828125 0.068359375 0.1220703125
0 0.1396484375 0.3349609375 0.1162109375 0.251953125
0 0.056640625 0.451171875 0.08984375 0.12890625
0 0.04296875 0.296875 0.07421875 0.140625