0 0.26938657407407407 0.2673611111111111 0.07187500000000002 0.10703125000000002
0 0.9379918981481481 0.4731336805555556 0.06380208333333348 0.08927951388888888
0 0.9239728009259259 0.36508246527777777 0.05001446759259265 0.08116319444444442
0 0.7570891203703703 0.4273654513888889 0.05193865740740744 0.07925347222222223
0 0.9023654513888888 0.43975694444444446 0.06601562499999991 0.1069010416666667
0 0.7025173611111111 0.4207682291666667 0.06624710648148158 0.1225260416666667
0 0.8367042824074074 0.32504340277777777 0.1518807870370371 0.23572048611111107
0 0.5219835069444444 0.15240885416666666 0.13002025462962963 0.20985243055555558
0 0.25438368055555555 0.35750868055555557 0.07805266203703709 0.12864583333333335
0 0.14774305555555556 0.3071614583333333 0.13666087962962964 0.2627170138888889
0 0.05530237268518519 0.4185546875 0.09965277777777778 0.13693576388888884
0 0.05465856481481481 0.26432291666666663 0.0861255787037037 0.14639756944444438