0 0.2811197916666667 0.24656394675925924 0.0854166666666667 0.11053240740740744
0 0.9073567708333334 0.5260633680555555 0.07656250000000009 0.09479166666666661
0 0.9106770833333333 0.41772280092592595 0.06223958333333335 0.08482349537037037
0 0.7361328125 0.46030815972222217 0.06406249999999991 0.08289930555555558
0 0.8776041666666667 0.48943142361111114 0.08164062499999991 0.11242766203703702
0 0.6842447916666667 0.44839409722222223 0.08463541666666652 0.12808159722222223
0 0.8311197916666666 0.3671947337962963 0.18619791666666652 0.24665798611111112
0 0.5483723958333333 0.15967881944444445 0.15898437499999996 0.21893807870370374
0 0.2527994791666667 0.33478732638888886 0.09674479166666661 0.13411458333333326
0 0.15553385416666665 0.2718388310185185 0.17604166666666665 0.269921875
0 0.05384114583333333 0.3739293981481482 0.10768229166666667 0.14422743055555554
0 0.07024739583333334 0.21944444444444444 0.10781249999999998 0.1537905092592593