0 0.21420717592592592 0.36085069444444445 0.08480902777777777 0.1156828703703704
0 0.9211299189814814 0.4121600115740741 0.07492766203703694 0.09955150462962958
0 0.8759620949074074 0.3111472800925926 0.05923032407407414 0.08897569444444442
0 0.7326171875 0.4072699652777778 0.06312210648148131 0.08722511574074066
0 0.8773509837962963 0.38742042824074074 0.07896412037037037 0.11733217592592593
0 0.6788411458333333 0.41327401620370374 0.0829716435185186 0.13120659722222228
0 0.7793909143518518 0.29148582175925924 0.18152488425925917 0.2573640046296296
0 0.42353153935185184 0.1939019097222222 0.15593171296296293 0.22870370370370374
0 0.22721354166666669 0.4514033564814815 0.0947482638888889 0.1396267361111111
0 0.10821759259259259 0.42569444444444443 0.17193287037037036 0.2802951388888889
0 0.055844907407407406 0.5547453703703704 0.11168981481481481 0.15245949074074083
0 0.029058159722222223 0.4068431712962963 0.058116319444444446 0.15743634259259265