0 0.2793402777777778 0.28596643518518516 0.07109374999999996 0.10963541666666665
0 0.9490306712962964 0.5579716435185185 0.06511863425925934 0.09366319444444438
0 0.9345558449074074 0.4487630208333333 0.04943576388888893 0.0849247685185186
0 0.76796875 0.4935546875 0.05331307870370372 0.08125000000000004
0 0.9136140046296296 0.5207320601851853 0.06524884259259256 0.11124131944444438
0 0.7132233796296297 0.4825014467592592 0.06731770833333339 0.1269820601851852
0 0.8473162615740741 0.39966724537037035 0.15407986111111116 0.24340277777777786
0 0.5314887152777779 0.1954861111111111 0.13045428240740753 0.21662326388888892
0 0.26535011574074074 0.37396556712962964 0.07906539351851849 0.13158275462962965
0 0.15752314814814816 0.3129123263888889 0.1406105324074074 0.2699363425925926
0 0.06555989583333333 0.4167896412037037 0.10257523148148148 0.14273726851851853
0 0.06440972222222222 0.2615162037037037 0.08702256944444445 0.15157696759259254