1 0.701171875 0.1455078125 0.0693359375 0.15234375
1 0.884765625 0.189453125 0.072265625 0.1650390625
1 0.9619140625 0.3359375 0.0615234375 0.205078125
1 0.6064453125 0.62890625 0.1298828125 0.2509765625
1 0.634765625 0.4697265625 0.11328125 0.208984375
1 0.5478515625 0.298828125 0.078125 0.205078125
1 0.4873046875 0.2412109375 0.0771484375 0.19140625
1 0.25390625 0.24609375 0.0869140625 0.2041015625
1 0.1318359375 0.2802734375 0.087890625 0.1826171875
1 0.193359375 0.369140625 0.087890625 0.2333984375
1 0.1953125 0.576171875 0.10546875 0.20703125
1 0.3369140625 0.5234375 0.1083984375 0.2568359375
0 0.861328125 0.6015625 0.140625 0.2998046875
0 0.439453125 0.513671875 0.115234375 0.2802734375