1 0.7515190972222222 0.16303530092592594 0.10290798611111107 0.16494502314814818
1 0.9210286458333333 0.23310908564814814 0.107421875 0.1787326388888889
1 0.9491536458333334 0.3902705439814815 0.07391493055555554 0.2148003472222222
1 0.5533420138888889 0.6282624421296297 0.18385416666666665 0.27462384259259265
1 0.6157769097222222 0.4742693865740741 0.15842013888888884 0.2290075231481482
1 0.5682291666666667 0.2933015046296296 0.12282986111111116 0.2182002314814815
1 0.5214192708333333 0.22739438657407407 0.11831597222222223 0.20441261574074077
1 0.2925564236111111 0.19809027777777777 0.13072916666666667 0.22038483796296293
1 0.166015625 0.21451822916666666 0.12782118055555558 0.19884259259259257
1 0.20655381944444445 0.31182002314814816 0.13780381944444442 0.24790219907407407
1 0.1633029513888889 0.5169343171296297 0.15052083333333333 0.22682291666666665
1 0.3129557291666667 0.48519241898148147 0.16245659722222228 0.2759403935185185
0 0.8084201388888889 0.6382595486111111 0.20564236111111112 0.32598379629629637
0 0.4161241319444444 0.48993778935185184 0.1753038194444445 0.3016782407407408