1 0.7380425347222223 0.12330729166666665 0.09263599537037037 0.166015625
1 0.9128616898148147 0.176953125 0.09688946759259265 0.17799479166666665
1 0.9561414930555556 0.32805989583333334 0.07070312500000009 0.21523437499999998
1 0.5708622685185185 0.6013020833333333 0.16802662037037042 0.2763020833333334
1 0.6232855902777779 0.4438151041666667 0.14521122685185173 0.2299479166666667
1 0.563179976851852 0.26848958333333334 0.1078703703703705 0.21966145833333328
1 0.5114076967592592 0.206640625 0.10551215277777781 0.205859375
1 0.2806568287037037 0.19863281249999998 0.1176359953703704 0.22031250000000002
1 0.1541015625 0.2265625 0.11504629629629626 0.1986979166666667
1 0.20204716435185185 0.3188802083333333 0.12241030092592592 0.24986979166666667
1 0.17253327546296296 0.5255208333333333 0.13734085648148148 0.2274739583333334
1 0.32005931712962965 0.4805989583333333 0.14660011574074072 0.2768229166666667
0 0.8275824652777778 0.5880859375 0.18509837962962972 0.326171875
0 0.423488136574074 0.47662760416666666 0.15711805555555558 0.3028645833333333