1 0.6516565393518519 0.13374565972222224 0.09382233796296302 0.16145833333333337
1 0.8383969907407407 0.15703125 0.09816261574074092 0.17323495370370368
1 0.9280598958333334 0.2951533564814815 0.09375 0.21221064814814816
1 0.5983072916666667 0.6244357638888889 0.1699942129629628 0.2679976851851853
1 0.6131004050925926 0.4624565972222222 0.14684606481481488 0.22275752314814823
1 0.5125144675925926 0.30267650462962964 0.10944733796296302 0.2143952546296296
1 0.44697627314814814 0.25187355324074073 0.10698784722222232 0.2006944444444445
1 0.21430121527777776 0.2816478587962963 0.11921296296296297 0.21453993055555554
1 0.0953052662037037 0.32873987268518523 0.11646412037037038 0.19302662037037033
1 0.1646050347222222 0.40988859953703705 0.12420428240740744 0.24389467592592595
1 0.1843532986111111 0.6153718171296296 0.13896122685185186 0.2206886574074074
1 0.3207103587962963 0.5480179398148148 0.14858217592592593 0.269632523148148
0 0.8504774305555556 0.5695457175925926 0.1874276620370372 0.3170572916666665
0 0.42212818287037035 0.5270471643518518 0.15928819444444442 0.29516782407407405