1 0.6571686921296296 0.1629123263888889 0.08907696759259265 0.16536458333333331
1 0.8448206018518518 0.19453125 0.09307002314814827 0.17731481481481481
1 0.9405598958333333 0.3368634259259259 0.08749999999999991 0.21603009259259265
1 0.6256510416666666 0.6520399305555555 0.1621238425925926 0.27511574074074074
1 0.6332392939814815 0.4904513888888889 0.14030671296296293 0.22892071759259258
1 0.5256221064814814 0.3259403935185185 0.10313946759259274 0.21890914351851853
1 0.45787037037037037 0.27214265046296293 0.10108506944444451 0.2051215277777778
1 0.22667100694444442 0.2916304976851852 0.11290509259259263 0.21948784722222225
1 0.10984519675925926 0.3335141782407407 0.11079282407407406 0.19788773148148153
1 0.18270399305555557 0.41787471064814813 0.11702835648148147 0.2490162037037037
1 0.21156684027777778 0.6245732060185185 0.13247974537037033 0.22650462962962958
1 0.3448423032407407 0.5631655092592592 0.1406539351851852 0.2757957175925927
0 0.8752170138888888 0.6082609953703704 0.17811053240740726 0.32486979166666674
0 0.44526186342592594 0.5466652199074074 0.15060763888888895 0.3017650462962962