0 0.8027922453703704 0.19296151620370372 0.059649884259259434 0.10575810185185186
0 0.5230251736111111 0.25506365740740744 0.05386284722222223 0.17353877314814814
0 0.3465711805555556 0.18645109953703703 0.12184606481481475 0.2974537037037037
0 0.24341724537037038 0.1252170138888889 0.17042824074074076 0.2269965277777778
0 0.4078776041666667 0.2494574652777778 0.07868923611111112 0.2221498842592593
0 0.4674117476851852 0.21976273148148148 0.09212962962962956 0.21535011574074076
0 0.9649522569444444 0.3053385416666667 0.05052083333333335 0.1265190972222222
0 0.8362991898148149 0.27144820601851855 0.05879629629629646 0.14272280092592593
0 0.886791087962963 0.2654441550925926 0.10067997685185182 0.17505787037037035
0 0.7759259259259259 0.2728226273148148 0.09895833333333326 0.18272569444444442
0 0.6719907407407407 0.18522135416666669 0.09522569444444451 0.18829571759259256
0 0.6962890625 0.3146701388888889 0.1079282407407407 0.22236689814814814
0 0.7135561342592593 0.6014539930555556 0.12407407407407423 0.24110243055555558