0 0.7861328125 0.1240234375 0.052734375 0.099609375
0 0.5068359375 0.216796875 0.04296875 0.16796875
0 0.330078125 0.1669921875 0.1025390625 0.2861328125
0 0.2265625 0.1123046875 0.15625 0.2197265625
0 0.3916015625 0.2236328125 0.0654296875 0.2138671875
0 0.451171875 0.1875 0.078125 0.20703125
0 0.9482421875 0.21875 0.04296875 0.1220703125
0 0.8193359375 0.1982421875 0.0498046875 0.13671875
0 0.8701171875 0.1875 0.08984375 0.1650390625
0 0.759765625 0.20703125 0.0869140625 0.173828125
0 0.6552734375 0.1298828125 0.083984375 0.1787109375
0 0.6796875 0.2568359375 0.0947265625 0.2119140625
0 0.69921875 0.54296875 0.1083984375 0.2294921875