0 0.7348813657407407 0.13007812500000002 0.068359375 0.10881076388888888
0 0.46459056712962965 0.24228153935185187 0.0688657407407407 0.17511574074074077
0 0.2839626736111111 0.2055193865740741 0.14771412037037035 0.30396412037037035
0 0.17614293981481483 0.15785590277777778 0.1903935185185185 0.24574652777777783
0 0.34953703703703703 0.2578414351851852 0.09997106481481477 0.22546296296296298
0 0.4058521412037037 0.21673177083333334 0.11147280092592593 0.2202112268518518
0 0.9040075231481481 0.213208912037037 0.06134259259259256 0.1298900462962963
0 0.7743055555555556 0.20159143518518519 0.07168692129629628 0.146021412037037
0 0.8237485532407407 0.1875217013888889 0.11581307870370372 0.17949942129629626
0 0.7150969328703705 0.21515480324074077 0.1142216435185186 0.18916377314814814
0 0.6051793981481481 0.14487847222222222 0.11241319444444442 0.19296875000000002
0 0.6396846064814814 0.2699508101851852 0.12738715277777768 0.22883391203703707
0 0.6839192708333334 0.5550130208333334 0.14366319444444442 0.24722222222222223