0 0.8708984375 0.21741174768518517 0.07779224537037033 0.10993923611111112
0 0.5766927083333333 0.2328125 0.08851273148148131 0.17446469907407408
0 0.41878616898148147 0.14569589120370371 0.17805266203703707 0.2864438657407407
0 0.3346064814814815 0.09233217592592594 0.20969328703703705 0.18122106481481481
0 0.4637586805555556 0.20853587962962963 0.12243923611111107 0.22353877314814813
0 0.5314308449074074 0.18950376157407406 0.13217592592592586 0.2216579861111111
0 0.9792824074074074 0.3510416666666667 0.03315972222222241 0.12913773148148144
0 0.8824074074074074 0.29758391203703705 0.08612557870370363 0.14515335648148142
0 0.9321831597222222 0.2999059606481482 0.12967303240740735 0.1845341435185185
0 0.8229383680555555 0.29030671296296295 0.13171296296296298 0.1904079861111111
0 0.7433883101851853 0.18814380787037038 0.1298466435185186 0.1962528935185185
0 0.731712962962963 0.3169777199074074 0.1498697916666667 0.22960069444444442
0 0.6728587962962963 0.5978226273148148 0.16776620370370376 0.25121527777777786