0 0.8691550925925926 0.22382089120370371 0.07745949074074066 0.1115740740740741
0 0.5769965277777778 0.24248408564814816 0.08522858796296306 0.17620081018518519
0 0.4124855324074074 0.1566261574074074 0.17262731481481475 0.29392361111111115
0 0.32208478009259256 0.10223524305555555 0.20666956018518512 0.19150752314814815
0 0.4631365740740741 0.21959635416666667 0.11792534722222225 0.22595486111111107
0 0.5279296875 0.20005063657407407 0.12952835648148153 0.22239583333333335
0 0.9862991898148148 0.35528067129629626 0.027401620370370416 0.1299479166666666
0 0.8871238425925926 0.3033854166666667 0.08436053240740748 0.14690393518518519
0 0.9368598090277778 0.30589554398148144 0.12628038194444446 0.18534432870370376
0 0.8274377893518519 0.29771412037037037 0.12866030092592595 0.19309895833333335
0 0.7395254629629631 0.19558738425925926 0.12682291666666679 0.19694733796296293
0 0.7384910300925926 0.3253255208333333 0.1473958333333334 0.23268229166666665
0 0.7019603587962964 0.6071976273148149 0.1655526620370371 0.25273437499999996