0 0.5369574652777778 0.18423032407407408 0.061140046296296324 0.08366608796296293
1 0.6908998842592593 0.2412254050925926 0.07123842592592577 0.12916666666666665
0 0.8238787615740741 0.22663483796296297 0.059403935185185386 0.11284722222222221
1 0.8718532986111112 0.47665653935185187 0.06558159722222223 0.1561631944444445
0 0.9343822337962964 0.4764539930555556 0.12677951388888875 0.2476417824074073
0 0.8062210648148148 0.36822916666666666 0.08722511574074066 0.17892071759259254
0 0.7092881944444445 0.3966796875 0.10687210648148149 0.19570312499999998
0 0.589380787037037 0.36124131944444443 0.08903356481481484 0.15950520833333337
0 0.528392650462963 0.28532986111111114 0.06345486111111098 0.13260995370370376
0 0.50625 0.2410300925925926 0.06125578703703716 0.09929108796296299
0 0.46514756944444446 0.25031828703703707 0.04169560185185184 0.09422743055555549
0 0.4212890625 0.23599537037037038 0.06924189814814818 0.12319155092592593
0 0.27763310185185186 0.24116030092592594 0.06916956018518516 0.11342592592592593
0 0.19756221064814816 0.23543836805555557 0.06124131944444444 0.09733796296296293
0 0.050933159722222225 0.2462890625 0.08305844907407407 0.1435329861111111