0 0.47866030092592593 0.11599392361111112 0.06898148148148153 0.08904803240740741
1 0.6379846643518519 0.12373408564814814 0.08300057870370381 0.1369357638888889
0 0.7646122685185185 0.07038483796296295 0.07116608796296298 0.12044270833333334
1 0.8591218171296297 0.2978877314814815 0.08123553240740744 0.16218171296296302
0 0.9215133101851851 0.27860966435185186 0.154195601851852 0.2612847222222222
0 0.7744574652777778 0.21231192129629628 0.10289351851851869 0.18721064814814814
0 0.6859664351851852 0.26967592592592593 0.1264756944444445 0.2084780092592593
0 0.5628689236111111 0.27195457175925924 0.10471643518518503 0.16977719907407407
0 0.48917100694444443 0.21585648148148148 0.0752025462962963 0.13831018518518517
0 0.45959201388888893 0.17994068287037035 0.06911168981481475 0.10662615740740744
0 0.4206669560185185 0.2013888888888889 0.051490162037037046 0.09946469907407407
0 0.37571614583333335 0.20081018518518517 0.081004050925926 0.13093171296296302
0 0.23635706018518515 0.2502170138888889 0.08093171296296298 0.12116608796296291
0 0.15734953703703702 0.2687717013888889 0.06909722222222225 0.10467303240740744
0 0.03365162037037037 0.3219039351851852 0.06357060185185186 0.14916087962962965