0 0.49609375 0.16876446759259262 0.064453125 0.08441840277777779
1 0.654296875 0.2029441550925926 0.076171875 0.13172743055555552
0 0.783203125 0.16963252314814814 0.064453125 0.11566840277777779
1 0.86328125 0.41185619212962965 0.072265625 0.15697337962962954
0 0.9267578125 0.40248842592592593 0.140625 0.25130208333333326
0 0.7841796875 0.31322337962962965 0.09375 0.1812065972222222
0 0.693359375 0.35575810185185186 0.115234375 0.19958043981481488
0 0.5703125 0.33752893518518523 0.095703125 0.16174768518518512
0 0.5 0.2704716435185185 0.068359375 0.13339120370370372
0 0.47265625 0.22941984953703703 0.064453125 0.10199652777777779
0 0.43359375 0.2445746527777778 0.044921875 0.09541377314814814
0 0.388671875 0.23705150462962965 0.07421875 0.12579571759259256
0 0.2470703125 0.2630570023148148 0.07421875 0.11407696759259256
0 0.16796875 0.2689163773148148 0.064453125 0.09809027777777779
0 0.0341796875 0.30107060185185186 0.068359375 0.14510995370370372