0 0.5263671875 0.1513671875 0.0576171875 0.0771484375
1 0.681640625 0.193359375 0.0654296875 0.123046875
0 0.8134765625 0.1669921875 0.0556640625 0.1083984375
1 0.8720703125 0.412109375 0.0595703125 0.1494140625
0 0.9365234375 0.40625 0.1201171875 0.236328125
0 0.8017578125 0.3095703125 0.0791015625 0.1708984375
0 0.70703125 0.34765625 0.099609375 0.1865234375
0 0.5859375 0.3232421875 0.0830078125 0.15234375
0 0.521484375 0.2529296875 0.0576171875 0.126953125
0 0.498046875 0.2109375 0.056640625 0.0947265625
0 0.45703125 0.2236328125 0.0380859375 0.0908203125
0 0.4130859375 0.2138671875 0.0634765625 0.1171875
0 0.26953125 0.232421875 0.0654296875 0.1064453125
0 0.189453125 0.234375 0.056640625 0.091796875
0 0.0439453125 0.2587890625 0.0771484375 0.1357421875