0 0.43697916666666664 0.12116608796296297 0.080078125 0.09338831018518517
1 0.5977213541666666 0.11508969907407407 0.10078124999999982 0.1415653935185185
0 0.7234375 0.056423611111111105 0.0859375 0.11284722222222221
1 0.820703125 0.26862702546296297 0.10234374999999996 0.1650028935185185
0 0.88359375 0.24356192129629628 0.1871093749999999 0.2703993055555556
0 0.7345703125 0.19046585648148145 0.1274739583333333 0.19212962962962965
0 0.6466796875 0.2552806712962963 0.15234375 0.2153501157407407
0 0.5233723958333333 0.26830150462962965 0.1264322916666667 0.17650462962962954
0 0.448828125 0.22037760416666666 0.09309895833333326 0.14293981481481483
0 0.4180338541666667 0.1867042824074074 0.08320312500000004 0.1111111111111111
0 0.3794921875 0.2109375 0.06315104166666674 0.10185185185185186
0 0.3345052083333333 0.2152416087962963 0.09648437499999996 0.13541666666666669
0 0.19544270833333333 0.27510127314814814 0.09583333333333333 0.12565104166666663
0 0.11692708333333332 0.3013237847222222 0.08294270833333334 0.10720486111111116
0 0.016666666666666666 0.3642578125 0.03333333333333333 0.154296875