0 0.4356481481481481 0.30146846064814814 0.10975115740740748 0.15234375
0 0.20698784722222224 0.3135127314814815 0.19571759259259258 0.29123263888888884
0 0.9057581018518519 0.4447699652777778 0.14842303240740762 0.20782696759259256
0 0.8820457175925926 0.10691550925925924 0.0371817129629628 0.07096354166666669
1 0.7163700810185185 0.09765624999999999 0.08734085648148149 0.1195023148148148
0 0.933347800925926 0.12073206018518517 0.06941550925925921 0.10648148148148151
0 0.4940393518518519 0.15816695601851852 0.08975694444444438 0.13527199074074076
1 0.7974464699074074 0.19147858796296297 0.08136574074074066 0.11516203703703709
0 0.13732638888888887 0.14250578703703703 0.12469618055555554 0.1963252314814815
0 0.5811342592592592 0.19086371527777776 0.18428819444444455 0.3001302083333333
0 0.936646412037037 0.23206018518518517 0.07722800925925921 0.10706018518518523
0 0.7236111111111112 0.2429470486111111 0.10004340277777768 0.15357349537037035
0 0.8564019097222222 0.2654079861111111 0.11216724537037037 0.16811342592592593
0 0.5004629629629629 0.24283854166666666 0.08998842592592604 0.14308449074074076