0 0.44919704861111115 0.3033492476851852 0.11792534722222225 0.15503472222222225
0 0.2199435763888889 0.30028935185185185 0.21171874999999996 0.2930555555555555
0 0.9132595486111111 0.4785300925925926 0.15933159722222223 0.21008391203703702
0 0.9021050347222223 0.1394314236111111 0.04014756944444442 0.07055844907407405
1 0.7376736111111111 0.11882233796296296 0.09301215277777786 0.12044270833333331
0 0.9528211805555555 0.15698784722222223 0.07491319444444455 0.10768229166666665
0 0.5135199652777778 0.16441695601851852 0.09769965277777781 0.13825231481481481
1 0.8145399305555556 0.21805555555555556 0.08893229166666661 0.11630497685185182
0 0.15731336805555557 0.12481915509259259 0.13537326388888893 0.19697627314814814
0 0.5984375 0.20246672453703704 0.20043402777777786 0.3021267361111111
0 0.9518663194444444 0.2676866319444444 0.08281249999999996 0.11009837962962954
0 0.73828125 0.2646773726851852 0.11011284722222214 0.15457175925925926
0 0.8708767361111112 0.29598524305555557 0.12243923611111107 0.1689380787037037
0 0.5163194444444444 0.24943576388888888 0.09796006944444446 0.14411168981481481