1 0.73828125 0.1923828125 0.0703125 0.126953125
1 0.64453125 0.111328125 0.07421875 0.123046875
0 0.435546875 0.201171875 0.06640625 0.1201171875
0 0.4501953125 0.2763671875 0.087890625 0.1533203125
0 0.3935546875 0.322265625 0.111328125 0.1796875
0 0.677734375 0.2529296875 0.0859375 0.1474609375
0 0.8662109375 0.111328125 0.068359375 0.111328125
0 0.8837890625 0.2099609375 0.064453125 0.14453125
0 0.8017578125 0.248046875 0.103515625 0.16796875
0 0.8876953125 0.4013671875 0.150390625 0.244140625
0 0.537109375 0.224609375 0.15234375 0.267578125
0 0.0830078125 0.1943359375 0.119140625 0.2294921875
0 0.1826171875 0.3515625 0.181640625 0.291015625