1 0.6700520833333333 0.1345486111111111 0.096730324074074 0.14079861111111114
1 0.5612123842592593 0.07738715277777777 0.0986689814814814 0.1388888888888889
0 0.376634837962963 0.21236979166666667 0.0908130787037037 0.13285590277777776
0 0.4074363425925926 0.2829861111111111 0.11843171296296295 0.17057291666666663
0 0.3619574652777778 0.34064670138888886 0.1479600694444444 0.20247395833333326
0 0.6237123842592593 0.20785590277777777 0.11643518518518503 0.16467013888888893
0 0.777734375 0.044596354166666664 0.09062499999999996 0.08919270833333333
0 0.8164424189814815 0.11859809027777779 0.09489293981481484 0.15638020833333333
0 0.7445746527777778 0.17391493055555557 0.13809317129629628 0.18858506944444442
0 0.8607928240740741 0.3041666666666667 0.1992621527777778 0.2739149305555555
0 0.48114149305555554 0.21200086805555557 0.20724826388888884 0.29752604166666663
0 0.05681423611111111 0.28589409722222225 0.11122685185185185 0.2524305555555555
0 0.1613208912037037 0.4173828125 0.2406684027777778 0.3275607638888889