0 0.3974609375 0.3486328125 0.083984375 0.1328125
0 0.171875 0.3837890625 0.14453125 0.255859375
0 0.88671875 0.4423828125 0.11328125 0.1796875
0 0.814453125 0.111328125 0.0234375 0.064453125
1 0.6484375 0.119140625 0.06640625 0.1025390625
0 0.8671875 0.1201171875 0.05078125 0.09375
0 0.435546875 0.201171875 0.06640625 0.1201171875
1 0.7421875 0.203125 0.0625 0.099609375
0 0.078125 0.2216796875 0.08984375 0.173828125
0 0.5263671875 0.224609375 0.130859375 0.267578125
0 0.88671875 0.2294921875 0.05859375 0.09375
0 0.67578125 0.26171875 0.07421875 0.1357421875
0 0.8115234375 0.2705078125 0.083984375 0.1474609375
0 0.4541015625 0.2841796875 0.064453125 0.126953125