1 0.7694444444444444 0.2236328125 0.08893229166666661 0.134765625
1 0.6875 0.1318359375 0.0907986111111112 0.130859375
0 0.4683159722222222 0.1953125 0.08289930555555558 0.126953125
0 0.47150607638888886 0.271484375 0.10907118055555554 0.162109375
0 0.4091145833333333 0.310546875 0.13706597222222228 0.19140625
0 0.6999131944444444 0.2763671875 0.10698784722222232 0.15625
0 0.9075954861111111 0.1591796875 0.08467881944444455 0.119140625
0 0.9102647569444444 0.2587890625 0.08537326388888888 0.150390625
0 0.8236979166666667 0.287109375 0.12703993055555562 0.1796875
0 0.8865017361111112 0.44921875 0.18546006944444438 0.259765625
0 0.5651692708333333 0.2314453125 0.18988715277777768 0.283203125
0 0.11981336805555556 0.1455078125 0.15186631944444445 0.2421875
0 0.19613715277777777 0.314453125 0.22174479166666672 0.310546875