0 0.7721354166666667 0.06124131944444445 0.05898437500000009 0.096875
0 0.5635416666666666 0.1115379050925926 0.09661458333333339 0.13606770833333334
0 0.053125 0.26823640046296293 0.06966145833333333 0.11112557870370376
0 0.8965494791666666 0.09229962384259259 0.11158854166666687 0.18459924768518518
0 0.405859375 0.2590060763888889 0.07135416666666661 0.10733506944444449
0 0.6993489583333333 0.2338324652777778 0.12968749999999996 0.19444444444444442
0 0.3670572916666667 0.33036747685185186 0.06914062499999996 0.13249421296296293
0 0.1408203125 0.3826822916666667 0.1138020833333333 0.18961226851851853
0 0.29375 0.4232277199074074 0.27708333333333335 0.42106481481481484
0 0.0908203125 0.490697337962963 0.17109375 0.26109664351851847
0 0.5682942708333334 0.39042245370370365 0.17760416666666679 0.27120949074074074
0 0.43424479166666663 0.06667390046296297 0.04973958333333339 0.07492766203703702
0 0.6850911458333333 0.053754340277777785 0.04986979166666661 0.07688078703703705
0 0.12213541666666666 0.1814670138888889 0.09739583333333335 0.14778645833333331