1 0.7807798032407407 0.18781105324074074 0.07002314814814814 0.10341435185185183
0 0.0632957175925926 0.24937789351851852 0.1031539351851852 0.18234953703703705
0 0.16149450231481483 0.2990596064814815 0.11024305555555558 0.1728153935185185
0 0.26732494212962965 0.20183015046296296 0.07660590277777779 0.11335358796296297
0 0.3310185185185185 0.18033130787037038 0.09497974537037046 0.1509259259259259
0 0.44994212962962965 0.23355034722222223 0.08362268518518512 0.12915219907407405
0 0.5968243634259259 0.2564163773148148 0.06756365740740744 0.12282986111111116
0 0.9107349537037037 0.16632667824074074 0.09526909722222232 0.1548321759259259
0 0.8463179976851851 0.1517505787037037 0.09693287037037024 0.15098379629629627
0 0.7262008101851852 0.17450086805555554 0.09736689814814814 0.15684317129629632
0 0.6950231481481481 0.27978877314814815 0.13071469907407396 0.2123987268518518
0 0.6429398148148149 0.2607060185185185 0.12065972222222232 0.20820312500000004
0 0.5483940972222223 0.2208767361111111 0.08998842592592604 0.16247106481481483
0 0.3885995370370371 0.24732349537037038 0.08420138888888884 0.1369646990740741
0 0.33036747685185186 0.2767795138888889 0.11284722222222221 0.1553530092592592
0 0.4663990162037037 0.468872974537037 0.12152777777777768 0.16730324074074066
0 0.4973958333333333 0.21644241898148148 0.08883101851851849 0.14684606481481477