1 0.8631076388888889 0.3021701388888889 0.07142650462962963 0.10706018518518523
0 0.1394748263888889 0.1330150462962963 0.10889756944444445 0.18700810185185185
0 0.22074652777777776 0.21035879629629628 0.11061921296296295 0.17929687500000002
0 0.3565610532407407 0.15402199074074074 0.07562210648148149 0.11702835648148147
0 0.42578125 0.1537109375 0.09625289351851851 0.15515046296296298
0 0.5239149305555556 0.24070457175925927 0.08389756944444438 0.1330584490740741
0 0.6604456018518519 0.3072627314814815 0.06809895833333335 0.12638888888888888
0 0.9745732060185186 0.3228443287037037 0.0508535879629628 0.1572337962962963
0 0.938816550925926 0.2904947916666667 0.09625289351851851 0.15515046296296298
0 0.8134982638888889 0.27327112268518516 0.09843749999999996 0.1630642361111112
0 0.7478298611111112 0.36054687500000004 0.1313078703703705 0.21937210648148153
0 0.7029296875 0.3260416666666667 0.12142650462962967 0.21495949074074072
0 0.6249059606481482 0.2595920138888889 0.09074074074074057 0.1665653935185185
0 0.4603226273148148 0.23350694444444445 0.08412905092592593 0.1408709490740741
0 0.39328703703703705 0.24173177083333336 0.11205150462962965 0.16182002314814814
0 0.46123408564814816 0.46171875 0.12216435185185182 0.17404513888888895
0 0.5765335648148149 0.23953269675925926 0.09027777777777768 0.1509403935185185