0 0.8759765625 0.25859375 0.048828125 0.09700520833333337
0 0.66796875 0.22421875000000002 0.083984375 0.13450520833333335
0 0.150390625 0.17311197916666668 0.060546875 0.10950520833333333
0 0.970703125 0.33522135416666665 0.05859375 0.181640625
0 0.052734375 0.1900390625 0.05078125 0.13229166666666664
0 0.486328125 0.3048828125 0.060546875 0.10755208333333333
0 0.7705078125 0.3970703125 0.111328125 0.1910156249999999
0 0.435546875 0.35813802083333335 0.056640625 0.13072916666666667
0 0.208984375 0.31861979166666665 0.095703125 0.1880208333333333
0 0.3466796875 0.41861979166666663 0.23828125 0.41822916666666665
0 0.138671875 0.4037760416666667 0.146484375 0.2578125
0 0.61328125 0.4959635416666667 0.15234375 0.26992187499999987
0 0.5546875 0.12975260416666667 0.04296875 0.07513020833333334
0 0.794921875 0.21608072916666668 0.04296875 0.07708333333333334
0 0.234375 0.1162109375 0.083984375 0.14622395833333335