1 0.8076171875 0.2001953125 0.0517578125 0.095703125
0 0.076171875 0.1953125 0.0751953125 0.171875
0 0.1669921875 0.2529296875 0.078125 0.162109375
0 0.2919921875 0.1669921875 0.0556640625 0.1044921875
0 0.359375 0.1513671875 0.0673828125 0.1416015625
0 0.4677734375 0.21484375 0.0595703125 0.1201171875
0 0.6103515625 0.2509765625 0.044921875 0.1162109375
0 0.94140625 0.19140625 0.06640625 0.14453125
0 0.8798828125 0.1708984375 0.068359375 0.140625
0 0.755859375 0.1826171875 0.0693359375 0.1474609375
0 0.7041015625 0.283203125 0.0908203125 0.2001953125
0 0.6552734375 0.259765625 0.08203125 0.197265625
0 0.5693359375 0.2109375 0.060546875 0.1533203125
0 0.404296875 0.22265625 0.05859375 0.1279296875
0 0.33984375 0.24609375 0.083984375 0.1435546875
0 0.4384765625 0.4482421875 0.0908203125 0.154296875
0 0.5185546875 0.2021484375 0.0625 0.1376953125