1 0.8574146412037037 0.23281973379629628 0.06912615740740735 0.10604745370370372
0 0.14168836805555557 0.11483651620370369 0.10878182870370368 0.18757233796296297
0 0.21926359953703703 0.1861617476851852 0.10870949074074071 0.17780671296296297
0 0.3583839699074074 0.12047887731481481 0.07505787037037037 0.11603009259259259
0 0.4277416087962963 0.11498119212962962 0.09487847222222223 0.1558159722222222
0 0.5208767361111111 0.1945167824074074 0.08298611111111098 0.13194444444444448
0 0.6542028356481482 0.2520616319444444 0.06731770833333339 0.1255063657407407
0 0.970580150462963 0.24424913194444445 0.055830439814814836 0.15632233796296297
0 0.9337022569444444 0.21437355324074076 0.09486400462962963 0.1538628472222222
0 0.809765625 0.20724826388888887 0.09687499999999982 0.16174768518518517
0 0.7397714120370371 0.29868344907407407 0.12853009259259274 0.21759259259259256
0 0.6960648148148147 0.26808449074074076 0.12068865740740753 0.2133969907407407
0 0.6213469328703703 0.2064163773148148 0.08909143518518525 0.16536458333333331
0 0.4574291087962963 0.19296151620370372 0.0830439814814814 0.13975694444444442
0 0.38997395833333337 0.20522280092592593 0.11053240740740744 0.16030092592592593
0 0.44597800925925923 0.4208622685185185 0.12038483796296306 0.1723813657407407
0 0.5736328125 0.1896339699074074 0.08897569444444442 0.14973958333333331