1 0.7718967013888889 0.12976707175925925 0.06205150462962972 0.10470196759259259
0 0.04526548032407408 0.23878038194444445 0.09053096064814815 0.18444733796296298
0 0.1382957175925926 0.2816695601851852 0.09626736111111112 0.1747829861111111
0 0.2559678819444444 0.17701099537037035 0.06802662037037033 0.112818287037037
0 0.3207537615740741 0.1512080439814815 0.08423032407407405 0.15269097222222222
0 0.43522135416666663 0.19699074074074074 0.07411747685185177 0.12874710648148147
0 0.5804108796296297 0.2109302662037037 0.05843460648148158 0.1240306712962963
0 0.9040798611111112 0.09949363425925925 0.08425925925925926 0.15464409722222222
0 0.8417824074074074 0.08906249999999999 0.08420138888888884 0.15073784722222222
0 0.7193504050925926 0.11980613425925925 0.08627025462962967 0.15865162037037037
0 0.6767722800925926 0.22740162037037034 0.11442418981481484 0.21475694444444443
0 0.6252748842592593 0.2125072337962963 0.10460069444444442 0.21034432870370373
0 0.5360243055555556 0.1771267361111111 0.07851562500000009 0.16215277777777776
0 0.3725043402777778 0.2148799189814815 0.0742332175925926 0.13655960648148147
0 0.3105324074074074 0.24834346064814813 0.09991319444444446 0.15740740740740738
0 0.4268518518518518 0.4325954861111111 0.10982349537037028 0.16767939814814814
0 0.48430989583333334 0.17688078703703702 0.07828414351851853 0.1465277777777778