0 0.8369140625 0.15625 0.0390625 0.0888671875
0 0.6279296875 0.1611328125 0.0693359375 0.1220703125
0 0.1123046875 0.2080078125 0.0478515625 0.1005859375
0 0.95703125 0.2138671875 0.0732421875 0.1708984375
0 0.017578125 0.2431640625 0.03515625 0.125
0 0.458984375 0.275390625 0.048828125 0.09765625
0 0.75 0.3134765625 0.0908203125 0.1748046875
0 0.4150390625 0.337890625 0.041015625 0.123046875
0 0.1875 0.341796875 0.0751953125 0.173828125
0 0.3349609375 0.4150390625 0.1923828125 0.380859375
0 0.12890625 0.439453125 0.1181640625 0.236328125
0 0.607421875 0.44140625 0.123046875 0.24609375
0 0.5048828125 0.0888671875 0.03515625 0.068359375
0 0.751953125 0.1298828125 0.03515625 0.0703125
0 0.1875 0.1357421875 0.068359375 0.1328125